1900.0 1.5133847449666318 2.6397238142816588e-05
1900.7007007007007 1.5133921582920475 2.6508172733045004e-05
1901.4014014014015 1.5133996028013115 2.6619808088469092e-05
1902.1021021021022 1.5134070786915874 2.6732150123676397e-05
1902.8028028028027 1.513414586161705 2.6845204815785532e-05
1903.5035035035035 1.5134221254121774 2.6958978205241247e-05
1904.2042042042042 1.5134296966452183 2.7073476396621113e-05
1904.904904904905 1.5134373000647612 2.7188705559454392e-05
1905.6056056056057 1.5134449358764757 2.7304671929053127e-05
1906.3063063063064 1.5134526042877887 2.742138180735552e-05
1907.007007007007 1.5134603055079012 2.7538841563782145e-05
1907.7077077077076 1.5134680397478077 2.7657057636104944e-05
1908.4084084084084 1.5134758072203167 2.7776036531329143e-05
1909.109109109109 1.513483608140068 2.7895784826588765e-05
1909.8098098098098 1.5134914427235542 2.801630917005551e-05
1910.5105105105106 1.5134993111891404 2.8137616281861408e-05
1911.2112112112113 1.513507213757084 2.8259712955035533e-05
1911.9119119119118 1.513515150649556 2.8382606056454907e-05
1912.6126126126126 1.5135231220906606 2.8506302527810147e-05
1913.3133133133133 1.5135311283064574 2.8630809386585405e-05
1914.014014014014 1.5135391695249827 2.875613372705374e-05
1914.7147147147148 1.5135472459762709 2.8882282721287627e-05
1915.4154154154155 1.5135553578923753 2.9009263620185017e-05
1916.116116116116 1.5135635055073933 2.9137083754511114e-05
1916.8168168168168 1.5135716890574848 2.926575053595658e-05
1917.5175175175175 1.513579908780899 2.9395271458211628e-05
1918.2182182182182 1.5135881649179947 2.952565409805724e-05
1918.918918918919 1.5135964577112657 2.9656906116473106e-05
1919.6196196196197 1.5136047874053629 2.9789035259762983e-05
1920.3203203203202 1.5136131542471187 2.9922049360697444e-05
1921.021021021021 1.513621558485573 3.005595633967493e-05
1921.7217217217217 1.5136300003719954 3.019076420590039e-05
1922.4224224224224 1.5136384801599116 3.0326481058583048e-05
1923.1231231231232 1.5136469981051301 3.046311508815276e-05
1923.823823823824 1.5136555544657646 3.060067457749572e-05
1924.5245245245246 1.513664149502263 3.07391679032096e-05
1925.2252252252251 1.5136727834774315 3.087860353687874e-05
1925.9259259259259 1.5136814566564651 3.101899004636966e-05
1926.6266266266266 1.5136901693069698 3.1160336097146994e-05
1927.3273273273273 1.5136989216989938 3.1302650453610705e-05
1928.028028028028 1.5137077141050537 3.1445941980454686e-05
1928.7287287287288 1.5137165468001637 3.1590219644047024e-05
1929.4294294294293 1.5137254200618635 3.17354925138326e-05
1930.13013013013 1.5137343341702478 3.188176976375847e-05
1930.8308308308308 1.5137432894079954 3.20290606737218e-05
1931.5315315315315 1.5137522860604 3.2177374631041826e-05
1932.2322322322323 1.5137613244153993 3.2326721131955354e-05
1932.932932932933 1.5137704047636062 3.247710978313681e-05
1933.6336336336337 1.5137795273983399 3.262855030324296e-05
1934.3343343343342 1.513788692615658 3.278105252448292e-05
1935.035035035035 1.5137979007143878 3.293462639421414e-05
1935.7357357357357 1.5138071519961587 3.308928197656412e-05
1936.4364364364365 1.513816446765436 3.3245029454079323e-05
1937.1371371371372 1.5138257853295534 3.340187912940111e-05
1937.837837837838 1.5138351679987474 3.355984142696932e-05
1938.5385385385384 1.5138445950861914 3.371892689475435e-05
1939.2392392392392 1.5138540669080305 3.387914620601791e-05
1939.93993993994 1.513863583783417 3.404051016110299e-05
1940.6406406406406 1.513873146034546 3.420302968925392e-05
1941.3413413413414 1.5138827539866926 3.436671585046693e-05
1942.042042042042 1.513892407968247 3.453157983737164e-05
1942.7427427427428 1.513902108310754 3.4697632977144274e-05
1943.4434434434434 1.513911855348949 3.4864886733453155e-05
1944.144144144144 1.513921649420798 3.503335270843728e-05
1944.8448448448448 1.5139314908675363 3.52030426447179e-05
1945.5455455455456 1.5139413800337074 3.537396842744488e-05
1946.2462462462463 1.5139513172672039 3.5546142086377625e-05
1946.946946946947 1.513961302919308 3.571957579800155e-05
1947.6476476476475 1.5139713373447328 3.589428188768076e-05
1948.3483483483483 1.5139814209016649 3.607027283184793e-05
1949.049049049049 1.5139915539518065 3.6247561260231346e-05
1949.7497497497498 1.5140017368604182 3.6426159958120784e-05
1950.4504504504505 1.5140119699963634 3.6606081868672406e-05
1951.1511511511512 1.514022253732154 3.678734009525358e-05
1951.8518518518517 1.5140325884439922 3.696994790382842e-05
1952.5525525525525 1.514042974511821 3.7153918725385083e-05
1953.2532532532532 1.514053412319366 3.7339266158404984e-05
1953.953953953954 1.514063902254187 3.752600397137565e-05
1954.6546546546547 1.5140744447077223 3.771414610534752e-05
1955.3553553553554 1.5140850400753398 3.790370667653572e-05
1956.0560560560561 1.5140956887563852 3.809469997896766e-05
1956.7567567567567 1.5141063911542332 3.828714048717747e-05
1957.4574574574574 1.5141171476763364 3.8481042858948425e-05
1958.1581581581581 1.5141279587342795 3.867642193810358e-05
1958.8588588588589 1.5141388247438305 3.887329275734654e-05
1959.5595595595596 1.514149746124994 3.907167054115291e-05
1960.2602602602603 1.5141607233020649 3.927157070871336e-05
1960.960960960961 1.5141717567036848 3.947300887692964e-05
1961.6616616616616 1.5141828467628957 3.967600086346442e-05
1962.3623623623623 1.5141939939171989 3.9880562689846436e-05
1963.063063063063 1.51420519860861 4.008671058463126e-05
1963.7637637637638 1.5142164612837201 4.02944609866199e-05
1964.4644644644645 1.5142277823937529 4.050383054813575e-05
1965.1651651651653 1.5142391623946256 4.0714836138361264e-05
1965.8658658658658 1.5142506017470108 4.0927494846735524e-05
1966.5665665665665 1.5142621009163977 4.1141823986414525e-05
1967.2672672672672 1.5142736603731548 4.1357841097794275e-05
1967.967967967968 1.5142852805925968 4.1575563952099376e-05
1968.6686686686687 1.5142969620550457 4.179501055503789e-05
1969.3693693693695 1.5143087052458999 4.201619915052355e-05
1970.07007007007 1.5143205106557003 4.223914822446732e-05
1970.7707707707707 1.5143323787801986 4.246387650863974e-05
1971.4714714714714 1.5143443101204275 4.269040298460474e-05
1972.1721721721722 1.5143563051827698 4.291874688772781e-05
1972.872872872873 1.5143683644790307 4.3148927711258956e-05
1973.5735735735736 1.514380488526511 4.338096521049264e-05
1974.2742742742744 1.514392677848081 4.36148794070062e-05
1974.9749749749749 1.5144049329722542 4.3850690592978394e-05
1975.6756756756756 1.514417254433266 4.408841933559024e-05
1976.3763763763764 1.5144296427711486 4.432808648150877e-05
1977.077077077077 1.5144420985318126 4.456971316145717e-05
1977.7777777777778 1.5144546222671253 4.4813320794871914e-05
1978.4784784784786 1.5144672145349933 4.505893109464926e-05
1979.179179179179 1.5144798758994438 4.530656607198298e-05
1979.8798798798798 1.5144926069307103 4.5556248041295784e-05
1980.5805805805805 1.514505408205318 4.580799962526539e-05
1981.2812812812813 1.5145182803061699 4.606184375994863e-05
1981.981981981982 1.5145312238226356 4.631780370000512e-05
1982.6826826826828 1.5145442393506425 4.657590302402261e-05
1983.3833833833833 1.5145573274927646 4.6836165639946546e-05
1984.084084084084 1.5145704888583187 4.709861579061638e-05
1984.7847847847847 1.514583724063455 4.7363278059410085e-05
1985.4854854854855 1.5145970337312575 4.763017737600065e-05
1986.1861861861862 1.5146104184918388 4.78993390222261e-05
1986.886886886887 1.51462387898244 4.8170788638075994e-05
1987.5875875875877 1.5146374158475324 4.8444552227796964e-05
1988.2882882882882 1.5146510297389209 4.872065616611985e-05
1988.988988988989 1.5146647213158464 4.899912720461212e-05
1989.6896896896897 1.5146784912450941 4.927999247815644e-05
1990.3903903903904 1.5146923402011017 4.956327951156074e-05
1991.0910910910911 1.514706268866068 4.984901622630108e-05
1991.7917917917919 1.5147202779300661 5.013723094740103e-05
1992.4924924924926 1.5147343680911571 5.0427952410450714e-05
1993.193193193193 1.514748540055506 5.072120976876848e-05
1993.8938938938938 1.5147627945374986 5.1017032600709326e-05
1994.5945945945946 1.5147771322598638 5.131545091712192e-05
1995.2952952952953 1.5147915539537933 5.161649516895963e-05
1995.995995995996 1.5148060603590672 5.192019625504793e-05
1996.6966966966968 1.5148206522241798 5.222658553001205e-05
1997.3973973973973 1.514835330306469 5.253569481236896e-05
1998.098098098098 1.5148500953722466 5.2847556392787865e-05
1998.7987987987988 1.5148649481969323 5.316220304252173e-05
1999.4994994994995 1.5148798895651876 5.347966802201617e-05
2000.2002002002002 1.514894920271057 5.379998508969801e-05
2000.900900900901 1.5149100411181062 5.412318851094905e-05
2001.6016016016015 1.5149252529195651 5.444931306726864e-05
2002.3023023023022 1.514940556498475 5.477839406563076e-05
2003.003003003003 1.5149559526878371 5.511046734803837e-05
2003.7037037037037 1.5149714423307616 5.5445569301282306e-05
2004.4044044044044 1.5149870262806229 5.578373686690785e-05
2005.1051051051052 1.5150027054012167 5.612500755139461e-05
2005.805805805806 1.515018480566918 5.646941943655535e-05
2006.5065065065064 1.5150343526628456 5.681701119015833e-05
2007.2072072072071 1.5150503225850254 5.7167822076780005e-05
2007.9079079079079 1.5150663912405609 5.752189196889157e-05
2008.6086086086086 1.515082559547803 5.787926135818792e-05
2009.3093093093094 1.515098828436526 5.823997136716283e-05
2010.01001001001 1.5151151988481069 5.8604063760937695e-05
2010.7107107107106 1.5151316717357037 5.8971580959349626e-05
2011.4114114114113 1.5151482480644431 5.93425660493063e-05
2012.112112112112 1.5151649288116085 5.971706279741226e-05
2012.8128128128128 1.5151817149668299 6.009511566287654e-05
2013.5135135135135 1.5151986075322825 6.04767698107061e-05
2014.2142142142143 1.5152156075228842 6.086207112519373e-05
2014.914914914915 1.515232715966499 6.125106622370766e-05
2015.6156156156155 1.5152499339041445 6.164380247079029e-05
2016.3163163163163 1.5152672623902022 6.204032799257513e-05
2017.017017017017 1.5152847024926335 6.244069169152764e-05
2017.7177177177177 1.5153022552931987 6.284494326152187e-05
2018.4184184184185 1.5153199218876803 6.325313320325851e-05
2019.1191191191192 1.5153377033861113 6.36653128400351e-05
2019.8198198198197 1.5153556009130067 6.408153433387672e-05
2020.5205205205204 1.5153736156076019 6.450185070203746e-05
2021.2212212212212 1.5153917486240929 6.492631583388077e-05
2021.921921921922 1.5154100011318838 6.535498450815093e-05
2022.6226226226227 1.515428374315837 6.578791241064436e-05
2023.3233233233234 1.5154468693765302 6.6225156152292e-05
2024.0240240240241 1.5154654875305176 6.666677328766342e-05
2024.7247247247246 1.5154842300105966 6.711282233390447e-05
2025.4254254254254 1.5155030980660793 6.756336279012004e-05
2026.126126126126 1.5155220929630706 6.801845515721251e-05
2026.8268268268268 1.5155412159847506 6.84781609581907e-05
2027.5275275275276 1.5155604684316637 6.894254275896008e-05
2028.2282282282283 1.515579851622014 6.941166418960811e-05
2028.9289289289288 1.5155993668919643 6.9885589966198e-05
2029.6296296296296 1.5156190155959448 7.036438591308566e-05
2030.3303303303303 1.5156387991069642 7.084811898577205e-05
2031.031031031031 1.5156587188169324 7.133685729430855e-05
2031.7317317317318 1.5156787761369832 7.183067012726868e-05
2032.4324324324325 1.5156989724978103 7.232962797630243e-05
2033.133133133133 1.5157193093500052 7.283380256128957e-05
2033.8338338338338 1.5157397881644057 7.334326685610918e-05
2034.5345345345345 1.5157604104324494 7.385809511504069e-05
2035.2352352352352 1.5157811776665362 7.437836289981717e-05
2035.935935935936 1.5158020914003973 7.490414710734712e-05
2036.6366366366367 1.5158231531894728 7.543552599812444e-05
2037.3373373373374 1.5158443646112978 7.597257922534611e-05
2038.038038038038 1.5158657272658935 7.651538786475795e-05
2038.7387387387387 1.5158872427761734 7.706403444524961e-05
2039.4394394394394 1.5159089127883498 7.761860298021857e-05
2040.1401401401401 1.5159307389723564 7.817917899972844e-05
2040.8408408408409 1.515952723022276 7.874584958348176e-05
2041.5415415415416 1.5159748666567774 7.93187033946327e-05
2042.2422422422424 1.5159971716195655 7.989783071446317e-05
2042.9429429429429 1.5160196396798362 8.048332347794821e-05
2043.6436436436436 1.5160422726327463 8.107527531023744e-05
2044.3443443443443 1.5160650722998879 8.167378156407706e-05
2045.045045045045 1.5160880405297807 8.22789393582038e-05
2045.7457457457458 1.5161111791983688 8.289084761673715e-05
2046.4464464464463 1.5161344902095322 8.350960710960044e-05
2047.147147147147 1.5161579754956076 8.413532049400272e-05
2047.8478478478478 1.5161816370179226 8.476809235701017e-05
2048.5485485485488 1.516205476767342 8.540802925924407e-05
2049.2492492492493 1.5162294967648249 8.605523977973576e-05
2049.9499499499498 1.5162536990619948 8.670983456197787e-05
2050.6506506506507 1.516278085741726 8.737192636120347e-05
2051.3513513513512 1.516302658918737 8.804163009293276e-05
2052.052052052052 1.516327420740204 8.871906288283115e-05
2052.7527527527527 1.5163523733863862 8.940434411790827e-05
2053.453453453453 1.5163775190712623 9.009759549911287e-05
2054.154154154154 1.5164028600431882 9.079894109535547e-05
2054.8548548548547 1.516428398585565 9.15085073990084e-05
2055.5555555555557 1.5164541370175242 9.222642338293382e-05
2056.256256256256 1.5164800776946297 9.295282055907644e-05
2056.956956956957 1.516506223009596 9.368783303868473e-05
2057.6576576576576 1.516532575393023 9.443159759419748e-05
2058.358358358358 1.5165591373141485 9.518425372286326e-05
2059.059059059059 1.51658591128162 9.594594371213646e-05
2059.7597597597596 1.5166128998442825 9.671681270691151e-05
2060.4604604604606 1.5166401055919871 9.749700877866004e-05
2061.161161161161 1.5166675311564195 9.828668299651949e-05
2061.861861861862 1.5166951792119472 9.908598950041263e-05
2062.5625625625626 1.5167230524764888 9.989508557624819e-05
2063.263263263263 1.5167511537124025 0.00010071413173328636
2063.963963963964 1.5167794857274002 0.00010154329178372747
2064.6646646646645 1.5168080513754798 0.00010238273292460285
2065.3653653653655 1.5168368535578847 0.00010323262582204953
2066.066066066066 1.5168658952240825 0.00010409314469803473
2066.7667667667665 1.5168951793727745 0.00010496446741962812
2067.4674674674675 1.5169247090529239 0.0001058467755908945
2068.168168168168 1.5169544873648153 0.00010674025464750015
2068.868868868869 1.5169845174611367 0.0001076450939541309
2069.5695695695695 1.517014802548094 0.00010856148690480305
2070.2702702702704 1.5170453458865485 0.00010948963102618443
2070.970970970971 1.5170761507931871 0.00011042972808400968
2071.671671671672 1.5171072206417229 0.00011138198419271539
2072.3723723723724 1.517138558864124 0.00011234660992838822
2073.073073073073 1.5171701689518777 0.00011332382044515883
2073.773773773774 1.5172020544572855 0.00011431383559514756
2074.4744744744744 1.5172342189947916 0.00011531688005209231
2075.1751751751754 1.517266666242349 0.00011633318343879447
2075.875875875876 1.5172993999428195 0.00011736298045850268
2076.5765765765764 1.517332423905411 0.00011840651103039304
2077.2772772772773 1.517365742007155 0.0001194640204292764
2077.977977977978 1.5173993581944214 0.00012053575942969041
2078.678678678679 1.5174332764844758 0.00012162198445454136
2079.3793793793793 1.5174675009670784 0.0001227229577284433
2080.0800800800803 1.517502035806125 0.0001238389474359468
2080.780780780781 1.5175368852413362 0.00012497022788481314
2081.4814814814813 1.5175720535899881 0.00012611707967454168
2082.1821821821823 1.5176075452486968 0.00012727978987032534
2082.8828828828828 1.5176433646952447 0.000128458652182643
2083.5835835835837 1.517679516490466 0.00012965396715270563
2084.2842842842842 1.5177160052801772 0.00013086604234395656
2084.984984984985 1.517752835797167 0.00013209519253987607
2085.6856856856857 1.5177900128632404 0.00013334173994830424
2086.386386386386 1.5178275413913198 0.00013460601441255321
2087.087087087087 1.517865426387608 0.0001358883536295471
2087.7877877877877 1.5179036729538116 0.00013718910337526694
2088.4884884884887 1.5179422862894283 0.0001385086177377903
2089.189189189189 1.5179812716941015 0.0001398472593581966
2089.8898898898897 1.518020634570041 0.0001412053996796711
2090.5905905905906 1.5180603804245179 0.0001425834192051035
2091.291291291291 1.5181005148724267 0.00014398170776352544
2091.991991991992 1.5181410436389302 0.00014540066478574155
2092.6926926926926 1.5181819725621768 0.00014684069958949755
2093.3933933933936 1.5182233075961005 0.0001483022316745919
2094.094094094094 1.5182650548133056 0.00014978569102829965
2094.7947947947946 1.5183072204080375 0.00015129151844155172
2095.4954954954956 1.5183498106992408 0.00015282016583628062
2096.196196196196 1.518392832133715 0.00015437209660439457
2096.896896896897 1.5184362912893608 0.00015594778595886613
2097.5975975975975 1.5184801948785307 0.00015754772129740517
2098.2982982982985 1.5185245497514794 0.00015917240257926814
2098.998998998999 1.5185693628999228 0.00016082234271571372
2099.6996996996995 1.5186146414607082 0.00016249806797470623
2100.4004004004005 1.5186603927195963 0.00016420011840043768
2101.101101101101 1.5187066241151654 0.00016592904824830042
2101.801801801802 1.5187533432428384 0.00016768542643597837
2102.5025025025025 1.518800557859036 0.0001694698370113118
2103.203203203203 1.5188482758854638 0.0001712828796376892
2103.903903903904 1.5188965054135377 0.00017312517009768878
2104.6046046046044 1.5189452547089506 0.0001749973408157727
2105.3053053053054 1.5189945322163885 0.00017690004140087138
2106.006006006006 1.5190443465644003 0.00017883393920969882
2106.706706706707 1.5190947065704272 0.00018079971993174694
2107.4074074074074 1.5191456212459973 0.000182798088196877
2108.108108108108 1.5191970998020952 0.0001848297682065511
2108.808808808809 1.5192491516547069 0.00018689550438972814
2109.5095095095094 1.5193017864305531 0.00018899606208454457
2110.2102102102103 1.5193550139730165 0.00019113222824695866
2110.910910910911 1.5194088443482683 0.00019330481218754968
2111.611611611612 1.5194632878516041 0.0001955146463378005
2112.3123123123123 1.5195183550139986 0.00019776258704717428
2113.013013013013 1.5195740566088851 0.00020004951541245175
2113.713713713714 1.5196304036591706 0.00020237633814079454
2114.4144144144143 1.5196874074444962 0.0002047439884481238
2115.1151151151153 1.5197450795087513 0.00020715342699449224
2115.8158158158158 1.5198034316678546 0.0002096056428581604
2116.5165165165163 1.5198624760178117 0.00021210165455026595
2117.2172172172172 1.5199222249430582 0.00021464251107199142
2117.9179179179177 1.5199826911251053 0.00021722929301629042
2118.6186186186187 1.520043887551497 0.0002198631137163515
2119.319319319319 1.5201058275250936 0.0002225451204430333
2120.02002002002 1.5201685246736947 0.00022527649565372775
2120.7207207207207 1.5202319929600163 0.00022805845829513362
2121.421421421421 1.5202962466920387 0.00023089226516267083
2122.122122122122 1.5203613005337395 0.0002337792123193235
2122.8228228228227 1.520427169516228 0.00023672063657691534
2123.5235235235236 1.5204938690493035 0.00023971791704299668
2124.224224224224 1.520561414933449 0.0002427724767366369
2124.924924924925 1.5206298233722852 0.0002458857842767122
2125.6256256256256 1.5206991109855046 0.00024905935564636526
2126.326326326326 1.520769294822304 0.00025229475603765405
2127.027027027027 1.520840392375342 0.00025559360178052724
2127.7277277277276 1.520912421595245 0.00025895756236058164
2128.4284284284286 1.5209854009056842 0.00026238836253032505
2129.129129129129 1.521059349219053 0.00026588778451887133
2129.82982982983 1.5211342859527706 0.0002694576703454179
2130.5305305305305 1.5212102310462439 0.0002730999242420392
2131.231231231231 1.5212872049785158 0.00027681651519181015
2131.931931931932 1.5213652287866342 0.0002806094795885176
2132.6326326326325 1.5214443240847775 0.00028448092402468276
2133.3333333333335 1.5215245130841695 0.00028843302821504537
2134.034034034034 1.5216058186138237 0.00029246804806301477
2134.734734734735 1.521688264142164 0.0002965883188782165
2135.4354354354355 1.521771873799549 0.00030079625875361493
2136.136136136136 1.5218566724017646 0.00030509437211140484
2136.836836836837 1.5219426854745173 0.0003094852534273071
2137.5375375375374 1.5220299392789864 0.0003139715911436295
2138.2382382382384 1.5221184608384888 0.0003185561717821307
2138.938938938939 1.5222082779663082 0.00032324188426835845
2139.6396396396394 1.5222994192947554 0.00032803172448006714
2140.3403403403404 1.5223919143055178 0.000332928800033004
2141.041041041041 1.5224857933613671 0.0003379363353183563
2141.741741741742 1.5225810877392993 0.0003430576768071264
2142.4424424424424 1.5226778296651795 0.00034829629863763583
2143.1431431431433 1.5227760523499712 0.000353655808503665
2143.843843843844 1.5228757900276415 0.00035913995386173923
2144.5445445445444 1.5229770779948228 0.0003647526284775953
2145.2452452452453 1.5230799526523398 0.0003704978793330739
2145.945945945946 1.5231844515486894 0.0003763799139163327
2146.646646646647 1.5232906134255977 0.0003824031079199165
2147.3473473473473 1.523398478265757 0.0003885720133728682
2148.0480480480483 1.5235080873428737 0.0003948913672351923
2148.7487487487488 1.523619483274155 0.0004013661004848208
2149.4494494494493 1.5237327100753768 0.0004080013477297217
2150.1501501501502 1.5238478132186761 0.00041480245738000917
2150.8508508508507 1.5239648396932353 0.0004217750024176807
2151.5515515515517 1.5240838380690194 0.000428924791804491
2152.252252252252 1.5242048585637546 0.0004362578825714078
2152.9529529529527 1.5243279531133347 0.0004437805926367235
2153.6536536536537 1.5244531754458677 0.0004514995144033088
2154.354354354354 1.524580581159579 0.00045942152918964393
2155.055055055055 1.5247102278048137 0.0004675538225536046
2155.7557557557557 1.5248421749703815 0.0004759039005725343
2156.4564564564566 1.5249764843745266 0.0004844796071485607
2157.157157157157 1.5251132199608026 0.0004932891424134155
2157.8578578578577 1.5252524479991743 0.0005023410823134742
2158.5585585585586 1.5253942371926708 0.0005116443994621302
2159.259259259259 1.5255386587899569 0.0005212084853541319
2159.95995995996 1.525685786704205 0.0005310431740445268
2160.6606606606606 1.5258356976386813 0.0005411587674034174
2161.3613613613616 1.5259884712194969 0.0005515660620676904
2162.062062062062 1.526144190136 0.0005622763782210279
2162.7627627627626 1.5263029402893298 0.0005733015903454904
2163.4634634634635 1.5264648109496872 0.0005846541601003105
2164.164164164164 1.5266298949229293 0.0005963471714977459
2164.864864864865 1.5267982887271314 0.0006083943685612583
2165.5655655655655 1.526970092779824 0.0006208101956679612
2166.266266266266 1.5271454115966616 0.000633609840796414
2166.966966966967 1.527324354002347 0.0006468092819210468
2167.6676676676675 1.5275070333546936 0.0006604253368175883
2168.3683683683685 1.5276935677828054 0.0006744757165690941
2169.069069069069 1.5278840804403988 0.0006889790830898133
2169.76976976977 1.5280786997754225 0.0007039551110155601
2170.4704704704704 1.5282775598171932 0.0007194245543430379
2171.1711711711714 1.528480800482396 0.0007354093182393018
2171.871871871872 1.5286885679014064 0.000751932536484334
2172.5725725725724 1.5289010147665212 0.0007690186550575529
2173.2732732732734 1.529118300703838 0.0007866935224311026
2173.973973973974 1.529340592670662 0.0008049844871918555
2174.674674674675 1.5295680653805201 0.0008239205036796324
2175.3753753753754 1.529800901758028 0.0008435322464021135
2176.076076076076 1.5300392934260914 0.0008638522340696849
2176.776776776777 1.5302834412281388 0.000884914964184946
2177.4774774774774 1.5305335557883657 0.0009067570592254327
2178.1781781781783 1.5307898581132429 0.0009294174255744576
2178.878878878879 1.5310525802378714 0.0009529374264854011
2179.5795795795793 1.531321965921132 0.0009773610705132063
2180.2802802802803 1.5315982713939595 0.0010027352170127492
2180.980980980981 1.5318817661655437 0.0010291098004927563
2181.6816816816818 1.5321727338927282 0.0010565380758274998
2182.3823823823823 1.532471473318462 0.0010850768865700597
2183.0830830830832 1.5327782992857628 0.0011147869588870587
2183.7837837837837 1.5330935438343636 0.0011457332239467705
2184.4844844844847 1.5334175573879896 0.0011779851719505954
2185.185185185185 1.5337507100411087 0.0012116172414042311
2185.8858858858857 1.5340933929549785 0.0012467092476923286
2186.5865865865867 1.534446019873951 0.0012833468555535326
2187.287287287287 1.5348090287742528 0.0013216221006669283
2187.987987987988 1.5351828836589054 0.001361633966266585
2188.6886886886887 1.5355680765140647 0.0014034890215133264
2189.389389389389 1.5359651294439225 0.001447302129293515
2190.09009009009 1.5363745970034064 0.001493197232200391
2190.7907907907907 1.5367970687503059 0.0015413082267152697
2191.4914914914916 1.5372331720412105 0.001591779937071664
2192.192192192192 1.5376835750987445 0.001644769201991957
2192.8928928928926 1.538148990381203 0.0017004460894820951
2193.5935935935936 1.5386301782897844 0.0017589952572025214
2194.294294294294 1.5391279512533846 0.00182061747867422
2194.994994994995 1.5396431782363644 0.0018855313588023027
2195.6956956956956 1.5401767897210321 0.0019539752660008066
2196.3963963963965 1.5407297832239137 0.002026209512703026
2197.097097097097 1.5413032294133666 0.002102518821375655
2197.797797797798 1.5418982789060065 0.002183215119507224
2198.4984984984985 1.542516169830948 0.002268640714615908
2199.199199199199 1.543158236264378 0.002359171909396414
2199.8998998999 1.5438259176527966 0.0024552231280184403
2200.6006006006005 1.5445207693618948 0.0025572516377214078
2201.3013013013015 1.5452444745099938 0.0026657629657295587
2202.002002002002 1.5459988572709025 0.002781317130782184
2202.7027027027025 1.5467858978618647 0.0029045358320574644
2203.4034034034034 1.5476077494688387 0.0030361107669826196
2204.104104104104 1.54846675740505 0.003176813284691971
2204.804804804805 1.5493654808510102 0.003327505625387233
2205.5055055055054 1.5503067175869514 0.0034891540497238665
2206.2062062062064 1.5512935322042196 0.0036628442293894113
2206.906906906907 1.5523292883735396 0.003849799353850953
2207.6076076076074 1.5534176858589182 0.0040514015135760615
2208.3083083083084 1.554562803100829 0.004269217053057129
2209.009009009009 1.5557691463571777 0.004505026755920465
2209.70970970971 1.5570417065926205 0.0047608619401864555
2210.4104104104103 1.5583860255554969 0.005039047818989704
2211.1111111111113 1.5598082727888614 0.005342255840521911
2211.811811811812 1.561315335702886 0.005673567187409209
2212.5125125125123 1.5629149253097345 0.0060365502269428455
2213.2132132132133 1.564615700813436 0.006435355510200331
2213.913913913914 1.5664274169879895 0.00687483299073525
2214.6146146146148 1.568361099207069 0.007360677571276363
2215.3153153153153 1.5704292521592444 0.007899611030255833
2216.016016016016 1.5726461097578337 0.008499611030124584
2216.7167167167167 1.5750279356134504 0.009170201557039015
2217.4174174174173 1.5775933857757127 0.009922824211635817
2218.118118118118 1.5803639483776206 0.010771316891227489
2218.8188188188187 1.5833644784451708 0.011732536513778953
2219.5195195195197 1.586623850556837 0.01282717695449185
2220.22022022022 1.5901757572585504 0.014080854474293258
2220.920920920921 1.5940596869459882 0.0155255639970568
2221.6216216216217 1.5983221205927216 0.017201655957728473
2222.322322322322 1.603017990387043 0.019160553576264245
2223.023023023023 1.6082124407965794 0.021468538005605147
2223.7237237237237 1.613982914450893 0.024212096233885053
2224.4244244244246 1.6204215312494066 0.0275055908193871
2225.125125125125 1.6276375955091904 0.03150243277397534
2225.8258258258256 1.635759757776663 0.03641162056667046
2226.5265265265266 1.6449366666149714 0.04252261373731069
2227.227227227227 1.6553334069417598 0.05024329047594412
2227.927927927928 1.667117586754039 0.06015851795319653
2228.6286286286286 1.6804212133217982 0.07312080761320428
2229.329329329329 1.6952470762245213 0.09038852569416812
2230.03003003003 1.7112494872633268 0.11382436061220376
2230.7307307307306 1.7272373038279665 0.14612879408744178
2231.4314314314315 1.7401058552189317 0.19091053361017885
2232.132132132132 1.7428375095251816 0.25181214414912256
2232.832832832833 1.7221496179062883 0.32858694444854253
2233.5335335335335 1.660882306071476 0.4079375460044323
2234.2342342342345 1.5551249855899953 0.4577144649408146
2234.934934934935 1.433998403017832 0.4487420469911705
2235.6356356356355 1.340008441071286 0.3880070351743789
2236.3363363363364 1.2907083391111058 0.30832599869474414
2237.037037037037 1.2768855732716347 0.23571262648688315
2237.737737737738 1.2825520846377596 0.17914298049869007
2238.4384384384384 1.2963531602902592 0.13768981874809894
2239.139139139139 1.3124047156566931 0.1077335039939116
2239.83983983984 1.3281366747887111 0.08592151994895667
2240.5405405405404 1.3425906835440193 0.06978203501114234
2241.2412412412414 1.3555169852719995 0.057614929650324415
2241.941941941942 1.3669544553869448 0.048270191179324046
2242.6426426426424 1.3770456310313453 0.040966417831450795
2243.3433433433433 1.3859581665334075 0.03516559080925309
2244.044044044044 1.3938532902213299 0.03049107374229869
2244.744744744745 1.4008747180227017 0.026674568698037533
2245.4454454454453 1.4071462542443742 0.02352165280529355
2246.1461461461463 1.412772870224801 0.020889123759563612
2246.846846846847 1.4178429741129817 0.01866988574474825
2247.5475475475478 1.422430894793245 0.016782704412976947
2248.2482482482483 1.4265991906209232 0.015165150590238674
2248.948948948949 1.4304006544768828 0.013768664244211986
2249.6496496496497 1.4338799985844628 0.012555050092199217
2250.3503503503503 1.4370752467151218 0.01149395452499795
2251.051051051051 1.4400188752433871 0.01056102497069448
2251.7517517517517 1.442738745310941 0.009736550428927954
2252.4524524524522 1.445258864094412 0.00900444571479889
2253.153153153153 1.4476000074328945 0.008351484257051813
2253.8538538538537 1.4497802303977603 0.007766712730308959
2254.5545545545547 1.4518152873627397 0.00724100016682473
2255.255255255255 1.4537189789096792 0.0067666875491998275
2255.9559559559557 1.4555034394546553 0.006337313207725555
2256.6566566566567 1.4571793767022683 0.00594739592732899
2257.357357357357 1.458756271820313 0.005592262365748134
2258.058058058058 1.4602425474663892 0.005267908770807895
2258.7587587587586 1.4616457094009243 0.004970889449930299
2259.4594594594596 1.4629724663122399 0.0046982262563592895
2260.16016016016 1.4642288315976653 0.004447334699178072
2260.860860860861 1.4654202101423313 0.004215963287596002
2261.5615615615616 1.466551472575894 0.004002143475848342
2262.262262262262 1.467627019037499 0.0038041481486944606
2262.962962962963 1.4686508341172602 0.0036204570259942997
2263.6636636636636 1.4696265343503052 0.0034497277022853844
2264.3643643643645 1.4705574094026428 0.0032907712986606783
2265.065065065065 1.471446457895494 0.003142531907959137
2265.7657657657655 1.472296418657581 0.0030040691739744822
2266.4664664664665 1.4731097980660324 0.0028745434712998197
2267.167167167167 1.4738888940307175 0.0027532032522204724
2267.867867867868 1.474635817089447 0.0026393742065814654
2268.5685685685685 1.4753525090091317 0.0025324499442236216
2269.2692692692694 1.4760407592279179 0.0024318839607947933
2269.96996996997 1.4767022194232142 0.002337182689137696
2270.6706706706705 1.477338416448654 0.0022478994720463896
2271.3713713713714 1.4779507638478986 0.0021636293195695946
2272.072072072072 1.4785405721236218 0.0020840043364452176
2272.772772772773 1.479109057915089 0.002008689723660143
2273.4734734734734 1.479657352216612 0.0019373802733116349
2274.1741741741744 1.4801865077512557 0.001869797288506792
2274.874874874875 1.480697505598919 0.0018056858704724905
2275.5755755755754 1.4811912611649143 0.0017448125237381647
2276.2762762762763 1.481668629564017 0.0016869630375229352
2276.976976976977 1.4821304104854334 0.0016319406075501165
2277.677677677678 1.4825773525959227 0.0015795641676370124
2278.3783783783783 1.4830101575312262 0.001529666904731817
2279.079079079079 1.4834294835198698 0.0014820949347239666
2279.77977977978 1.4838359486781028 0.0014367061194576133
2280.4804804804803 1.4842301340101525 0.0013933690080141824
2281.1811811811813 1.484612586144002 0.0013519618875788594
2281.881881881882 1.4849838198293939 0.0013123719311289043
2282.5825825825827 1.4853443202217704 0.0012744944308269175
2283.2832832832833 1.4856945449731735 0.001238232107418147
2283.983983983984 1.4860349261488301 0.0012034944871465076
2284.6846846846847 1.4863658719860897 0.0011701973387556429
2285.3853853853852 1.486687768510609 0.001138262164047547
2286.086086086086 1.4870009810230724 0.0011076157362589054
2286.7867867867867 1.487305855468367 0.001078189681196995
2287.4874874874877 1.4876027196978825 0.0010499200966706708
2288.188188188188 1.4878918846345235 0.0010227472062698509
2288.8888888888887 1.4881736453490486 0.0009966150439974122
2289.5895895895897 1.488448282055496 0.0009714711666533625
2290.29029029029 1.4887160610326882 0.0009472663912164502
2290.990990990991 1.4889772354781285 0.0009239545547720857
2291.6916916916916 1.489232046299994 0.0009014922948028947
2292.392392392392 1.4894807228523883 0.0008798388478923953
2293.093093093093 1.4897234836185322 0.000858955865100423
2293.7937937937936 1.489960536846131 0.0008388072424514552
2294.4944944944946 1.4901920811387779 0.0008193589651389898
2295.195195195195 1.4904183060068898 0.0008005789641930695
2295.895895895896 1.4906393923813686 0.0007824369844846047
2296.5965965965966 1.4908555130928878 0.0007649044630540617
2297.2972972972975 1.49106683331946 0.0007479544168519049
2297.997997997998 1.4912735110046962 0.0007315613390685942
2298.6986986986985 1.4914756972489762 0.0007157011033111705
2299.3993993993995 1.4916735366755445 0.0007003508749555262
2300.1001001001 1.4918671677733903 0.0006854890290669219
2300.800800800801 1.4920567232186048 0.0006710950743385459
2301.5015015015015 1.4922423301757737 0.000657149582549512
2302.202202202202 1.4924241105808387 0.0006436341230891847
2302.902902902903 1.4926021814067365 0.0006305312021365995
2303.6036036036035 1.492776654913029 0.0006178242061206083
2304.3043043043044 1.4929476388806353 0.0006054973491199089
2305.005005005005 1.4931152368326914 0.0005935356238926013
2305.7057057057054 1.4932795482424879 0.0005819247562517245
2306.4064064064064 1.4934406687293482 0.0005706511625283049
2307.107107107107 1.4935986902432654 0.0005597019098854281
2307.807807807808 1.4937537012390365 0.0005490646792670322
2308.5085085085084 1.493905786840582 0.0005387277307836334
2309.2092092092093 1.4940550289960972 0.0005286798713533691
2309.90990990991 1.4942015066246161 0.0005189104244322327
2310.610610610611 1.4943452957545444 0.0005094092016806058
2311.3113113113113 1.4944864696546645 0.000500166476426057
2312.012012012012 1.4946250989580896 0.0004911729587932857
2312.712712712713 1.494761251779603 0.0004824197723827609
2313.4134134134133 1.4948949938267864 0.00047389843238879095
2314.1141141141143 1.4950263885053263 0.0004656008250563492
2314.814814814815 1.495155497018843 0.00045751918838402266
2315.5155155155153 1.4952823784635725 0.00044964609398730996
2316.2162162162163 1.4954070899182126 0.0004419744300433553
2316.9169169169168 1.4955296865292125 0.000434497385244019
2317.6176176176177 1.4956502215917789 0.0004272084336896957
2318.3183183183182 1.495768746626841 0.00042010132066150856
2319.019019019019 1.4958853114542143 0.000413170049213863
2319.7197197197197 1.4959999642621744 0.0004064088675339003
2320.42042042042 1.4961127516736468 0.00039981225701800436
2321.121121121121 1.496223718809204 0.00039337492101936515
2321.8218218218217 1.4963329093470479 0.00038709177422374983
2322.5225225225226 1.4964403655801397 0.00038095793261368964
2323.223223223223 1.4965461284706434 0.0003749687039842322
2323.923923923924 1.4966502377018183 0.00036911957897578095
2324.6246246246246 1.4967527317275073 0.000363406222592173
2325.325325325325 1.4968536478193462 0.00035782446617411366
2326.026026026026 1.4969530221118141 0.000352370299800338
2326.7267267267266 1.497050889645243 0.0003470398650906166
2327.4274274274276 1.4971472844068898 0.00034182944838647344
2328.128128128128 1.4972422393701732 0.00033673547428721785
2328.8288288288286 1.4973357865321728 0.00033175449952019563
2329.5295295295296 1.4974279569494742 0.00032688320712573934
2330.23023023023 1.497518780772449 0.00032211840093845803
2330.930930930931 1.4976082872780474 0.0003174570003477086
2331.6316316316315 1.4976965049011775 0.0003128960353212984
2332.3323323323325 1.4977834612647423 0.0003084326416773274
2333.033033033033 1.4978691832084012 0.0003040640565902232
2333.733733733734 1.4979536968161178 0.00029978761431771734
2334.4344344344345 1.4980370274425556 0.0002956007421365253
2335.135135135135 1.4981191997383718 0.00029150095647508206
2335.835835835836 1.498200237674472 0.0002874858592325546
2336.5365365365365 1.498280164565264 0.000283553134273925
2337.2372372372374 1.498359003090967 0.000279700544091561
2337.937937937938 1.4984367753190186 0.0002759259266243583
2338.6386386386384 1.4985135027246177 0.00027222719222594447
2339.3393393393394 1.4985892062104502 0.0002686023207740701
2340.04004004004 1.49866390612563 0.0002650493589137061
2340.740740740741 1.4987376222838944 0.00026156641742679823
2341.4414414414414 1.498810373981086 0.00025815166872213455
2342.142142142142 1.4988821800119558 0.00025480334443902863
2342.842842842843 1.498953058686314 0.00025151973315901615
2343.5435435435434 1.4990230278445649 0.0002482991782200143
2344.2442442442443 1.4990921048726429 0.00024514007562771565
2344.944944944945 1.4991603067163883 0.00024204087205935426
2345.645645645646 1.4992276498953756 0.0002390000629551453
2346.3463463463463 1.4992941505162276 0.00023601619069308654
2347.0470470470473 1.4993598242854322 0.00023308784284292608
2347.747747747748 1.4994246865216856 0.0002302136504954583
2348.4484484484483 1.4994887521677813 0.00022739228666339707
2349.1491491491493 1.4995520358020649 0.00022462246475039226
2349.8498498498498 1.4996145516494712 0.00022190293708487089
2350.5505505505507 1.499676313592167 0.000219232493515569
2351.2512512512512 1.4997373351798051 0.00021660996006584956
2351.9519519519517 1.4997976296394202 0.00021403419764395856
2352.6526526526527 1.4998572098849667 0.00021150410080662235
2353.353353353353 1.4999160885265255 0.00020901859657346077
2354.054054054054 1.4999742778791845 0.00020657664328983005
2354.7547547547547 1.5000317899716114 0.00020417722953588546
2355.455455455455 1.5000886365543287 0.00020181937307968433
2356.156156156156 1.5001448291077044 0.00019950211987234643
2356.8568568568567 1.5002003788496676 0.00019722454308333803
2357.5575575575576 1.5002552967431622 0.0001949857421740438
2358.258258258258 1.500309593503348 0.0001927848420079364
2358.958958958959 1.5003632796045585 0.00019062099199565688
2359.6596596596596 1.5004163652870277 0.0001884933652734943
2360.3603603603606 1.50046886056339 0.00018640115791373698
2361.061061061061 1.5005207752249665 0.0001843435881655351
2361.7617617617616 1.5005721188478434 0.00018231989572489247
2362.4624624624626 1.500622900798753 0.00018032934103254922
2363.163163163163 1.5006731302407599 0.00017837120459853373
2363.863863863864 1.5007228161387662 0.00017644478635221747
2364.5645645645645 1.500771967264836 0.000174549405016811
2365.265265265265 1.5008205922033533 0.0001726843975072183
2365.965965965966 1.5008686993560094 0.00017084911835029022
2366.6666666666665 1.5009162969466388 0.00016904293912651516
2367.3673673673675 1.5009633930258972 0.00016726524793223712
2368.068068068068 1.5010099954757956 0.00016551544886156985
2368.7687687687685 1.5010561120140906 0.0001637929615071543
2369.4694694694695 1.5011017501985413 0.0001620972204790074
2370.17017017017 1.5011469174310308 0.00016042767494070647
2370.870870870871 1.501191620961563 0.00015878378816218782
2371.5715715715714 1.5012358678921394 0.0001571650370885097
2372.2722722722724 1.5012796651805118 0.0001555709119238997
2372.972972972973 1.5013230196438279 0.00015400091573050288
2373.673673673674 1.5013659379621622 0.00015245456404120765
2374.3743743743744 1.501408426681944 0.00015093138448602018
2375.075075075075 1.5014504922192815 0.0001494309164314174
2375.775775775776 1.5014921408631874 0.00014795271063218992
2376.4764764764764 1.5015333787787095 0.0001464963288952742
2377.1771771771773 1.5015742120099704 0.00014506134375509412
2377.877877877878 1.501614646483115 0.0001436473381599882
2378.5785785785783 1.5016546880091761 0.0001422539051692633
2379.2792792792793 1.5016943422868534 0.0001408806476604887
2379.97997997998 1.5017336149052156 0.00013952717804662767
2380.680680680681 1.5017725113463225 0.00013819311800262197
2381.3813813813813 1.5018110369877733 0.00013687809820109125
2382.0820820820823 1.501849197105182 0.0001355817580567754
2382.7827827827828 1.501886996874583 0.00013430374547941852
2383.4834834834833 1.5019244413747699 0.00013304371663475025
2384.1841841841842 1.5019615355895661 0.00013180133571328453
2384.8848848848847 1.501998284410035 0.00013057627470663605
2385.5855855855857 1.502034692636627 0.00012936821319106873
2386.286286286286 1.5020707649812672 0.00012817683811802979
2386.986986986987 1.502106506069388 0.0001270018436113886
2387.6876876876877 1.5021419204419013 0.00012584293077116162
2388.388388388388 1.5021770125571219 0.00012469980748346286
2389.089089089089 1.5022117867926361 0.00012357218823647446
2389.7897897897897 1.5022462474471197 0.00012245979394221314
2390.4904904904906 1.5022803987421083 0.00012136235176387743
2391.191191191191 1.5023142448237183 0.00012027959494859471
2391.8918918918916 1.5023477897643254 0.00011921126266535474
2392.5925925925926 1.5023810375641935 0.00011815709984796464
2393.293293293293 1.5024139921530657 0.00011711685704284053
2393.993993993994 1.5024466573917108 0.00011609029026146029
2394.6946946946946 1.5024790370734284 0.00011507716083733149
2395.3953953953956 1.5025111349255174 0.00011407723528729675
2396.096096096096 1.5025429546107034 0.00011309028517704795
2396.796796796797 1.5025744997285326 0.00011211608699068318
2397.4974974974975 1.502605773816726 0.00011115442200418835
2398.198198198198 1.5026367803525023 0.00011020507616269013
2398.898898898899 1.5026675227538644 0.00010926783996136741
2399.5995995995995 1.502698004380855 0.00010834250832989081
2400.3003003003005 1.5027282285367791 0.00010742888052026625
2401.001001001001 1.5027581984693972 0.00010652675999798207
2401.7017017017015 1.5027879173720864 0.00010563595433633243
2402.4024024024025 1.5028173883849751 0.0001047562751138253
2403.103103103103 1.502846614596047 0.00010388753781456742
2403.803803803804 1.502875599042219 0.00010302956173152168
2404.5045045045044 1.502904344710392 0.00010218216987255703
2405.205205205205 1.5029328545384772 0.00010134518886918239
2405.905905905906 1.5029611314163955 0.00010051844888789142
2406.6066066066064 1.5029891781870526 9.970178354402683e-05
2407.3073073073074 1.5030169976472918 9.889502981807828e-05
2408.008008008008 1.503044592548823 9.809802797434851e-05
2408.708708708709 1.5030719655991285 9.731062148189501e-05
2409.4094094094094 1.5030991194623489 9.653265693769146e-05
2410.1101101101103 1.5031260567601457 9.576398399192205e-05
2410.810810810811 1.503152780072546 9.500445527535657e-05
2411.5115115115113 1.5031792919387625 9.425392632872592e-05
2412.2122122122123 1.5032055948580014 9.351225553404646e-05
2412.912912912913 1.5032316912902435 9.277930404782827e-05
2413.613613613614 1.5032575836570128 9.205493573610276e-05
2414.3143143143143 1.5032832743421234 9.133901711122581e-05
2415.015015015015 1.5033087656924116 9.063141727038642e-05
2415.7157157157158 1.50333406001845 8.99320078357807e-05
2416.4164164164163 1.5033591595952442 8.924066289639495e-05
2417.1171171171172 1.5033840666629157 8.855725895134421e-05
2417.8178178178177 1.5034087834273666 8.788167485472971e-05
2418.5185185185182 1.5034333120609313 8.72137917619563e-05
2419.219219219219 1.5034576547030123 8.655349307747621e-05
2419.91991991992 1.5034818134607009 8.590066440391154e-05
2420.6206206206207 1.5035057904093863 8.525519349251262e-05
2421.321321321321 1.5035295875933485 8.461697019491401e-05
2422.022022022022 1.5035532070263387 8.39858864161515e-05
2422.7227227227227 1.503576650692148 8.336183606890042e-05
2423.4234234234236 1.5035999205451613 8.274471502889583e-05
2424.124124124124 1.503623018510901 8.213442109150894e-05
2424.8248248248246 1.5036459464865566 8.153085392943412e-05
2425.5255255255256 1.5036687063415053 8.093391505146387e-05
2426.226226226226 1.5036912999178185 8.034350776231623e-05
2426.926926926927 1.5037137290307592 7.97595371234797e-05
2427.6276276276276 1.5037359954692673 7.918190991505641e-05
2428.328328328328 1.5037581009964356 7.86105345985629e-05
2429.029029029029 1.503780047349974 7.804532128067055e-05
2429.7297297297296 1.503801836242665 7.748618167785497e-05
2430.4304304304305 1.5038234693628096 7.693302908192468e-05
2431.131131131131 1.5038449483746619 7.638577832641355e-05
2431.8318318318316 1.503866274918857 7.584434575380081e-05
2432.5325325325325 1.5038874506128268 7.53086491835454e-05
2433.2332332332335 1.50390847705121 7.477860788090675e-05
2433.933933933934 1.5039293558062519 7.425414252652945e-05
2434.6346346346345 1.5039500884281962 7.373517518677195e-05
2435.3353353353355 1.5039706764456673 7.322162928475954e-05
2436.036036036036 1.5039911213660473 7.271342957214059e-05
2436.736736736737 1.504011424675843 7.22105021015233e-05
2437.4374374374374 1.5040315878410457 7.171277419958186e-05
2438.138138138138 1.504051612307484 7.122017444080452e-05
2438.838838838839 1.5040714995011701 7.073263262187323e-05
2439.5395395395394 1.5040912508286364 7.025007973665536e-05
2440.2402402402404 1.5041108676772685 6.977244795178689e-05
2440.940940940941 1.5041303514156292 6.929967058283949e-05
2441.6416416416414 1.5041497033937763 6.883168207104596e-05
2442.3423423423424 1.5041689249435743 6.836841796057687e-05
2443.043043043043 1.5041880173790012 6.790981487635063e-05
2443.743743743744 1.5042069819964454 6.745581050235975e-05
2444.4444444444443 1.5042258200750014 6.700634356050661e-05
2445.145145145145 1.5042445328767544 6.656135378992702e-05
2445.845845845846 1.5042631216470652 6.612078192679515e-05
2446.546546546547 1.5042815876148437 6.56845696845949e-05
2447.2472472472473 1.5042999319928212 6.525265973484343e-05
2447.947947947948 1.5043181559778147 6.482499568825751e-05
2448.6486486486488 1.504336260750988 6.440152207635077e-05
2449.3493493493493 1.5043542474781058 6.398218433345114e-05
2450.0500500500502 1.5043721173097844 6.356692877912355e-05
2450.7507507507507 1.504389871381737 6.315570260099473e-05
2451.4514514514512 1.504407510815014 6.274845383796164e-05
2452.152152152152 1.5044250367162382 6.234513136378003e-05
2452.8528528528527 1.5044424501778375 6.194568487102112e-05
2453.5535535535537 1.5044597522782703 6.155006485538404e-05
2454.254254254254 1.5044769440822494 6.11582226003618e-05
2454.9549549549547 1.504494026640959 6.07701101622438e-05
2455.6556556556557 1.50451100099227 6.038568035545298e-05
2456.356356356356 1.504527868160949 6.0004886738206405e-05
2457.057057057057 1.5045446291588656 5.962768359848889e-05
2457.7577577577576 1.504561284985193 5.925402594033787e-05
2458.458458458458 1.5045778366266092 5.888386947042432e-05
2459.159159159159 1.5045942850574883 5.851717058492876e-05
2459.85985985986 1.504610631240094 5.815388635670187e-05
2460.5605605605606 1.5046268761247668 5.77939745227024e-05
2461.261261261261 1.5046430206501076 5.7437393471706124e-05
2461.961961961962 1.5046590657431582 5.708410223228056e-05
2462.6626626626626 1.50467501231958 5.6734060461017624e-05
2463.3633633633635 1.504690861283826 5.638722843101596e-05
2464.064064064064 1.5047066135293137 5.604356702061227e-05
2464.7647647647645 1.5047222699385916 5.5703037702348756e-05
2465.4654654654655 1.5047378313835047 5.536560253217686e-05
2466.166166166166 1.504753298725356 5.5031224138888976e-05
2466.866866866867 1.5047686728150655 5.469986571377076e-05
2467.5675675675675 1.5047839544933252 5.437149100047408e-05
2468.268268268268 1.5047991445907545 5.404606428509882e-05
2468.968968968969 1.5048142439280474 5.37235503864839e-05
2469.66966966967 1.5048292533161238 5.3403914646700206e-05
2470.3703703703704 1.5048441735562714 5.308712292174027e-05
2471.071071071071 1.504859005440291 5.277314157240016e-05
2471.771771771772 1.5048737497506346 5.246193745535091e-05
2472.4724724724724 1.5048884072605428 5.21534779143935e-05
2473.1731731731734 1.5049029787341826 5.1847730771891256e-05
2473.873873873874 1.5049174649267758 5.154466432038069e-05
2474.5745745745744 1.5049318665847335 5.124424731435022e-05
2475.2752752752754 1.5049461844457823 5.094644896218827e-05
2475.975975975976 1.5049604192390902 5.0651238918294464e-05
2476.676676676677 1.5049745716853908 5.0358587275348524e-05
2477.3773773773773 1.5049886424971044 5.0068464556737794e-05
2478.078078078078 1.5050026323784584 4.9780841709134196e-05
2478.778778778779 1.5050165420256036 4.9495690095221954e-05
2479.4794794794793 1.5050303721267306 4.9212981486570425e-05
2480.1801801801803 1.5050441233621823 4.893268805664745e-05
2480.880880880881 1.5050577964045668 4.8654782373974e-05
2481.5815815815813 1.5050713919188659 4.8379237395412084e-05
2482.2822822822823 1.505084910562542 4.810602645958679e-05
2482.9829829829832 1.5050983529856468 4.783512328043794e-05
2483.6836836836837 1.5051117198309234 4.7566501940897813e-05
2484.3843843843842 1.5051250117339083 4.730013688669259e-05
2485.085085085085 1.505138229323034 4.7036002920265776e-05
2485.7857857857857 1.5051513732197261 4.6774075194820154e-05
2486.4864864864867 1.5051644440385021 4.6514329208473716e-05
2487.187187187187 1.505177442387066 4.625674079853162e-05
2487.8878878878877 1.5051903688664041 4.600128613586607e-05
2488.5885885885887 1.5052032240708746 4.574794171940643e-05
2489.289289289289 1.5052160085883022 4.549668437073497e-05
2489.98998998999 1.505228723000065 4.5247491228784757e-05
2490.6906906906906 1.5052413678811842 4.500033974464127e-05
2491.391391391391 1.5052539438004096 4.47552076764407e-05
2492.092092092092 1.5052664513203056 4.451207308436679e-05
2492.7927927927926 1.505278890997335 4.427091432574259e-05
2493.4934934934936 1.505291263381941 4.4031710050213436e-05
2494.194194194194 1.5053035690186296 4.379443919502311e-05
2494.8948948948946 1.505315808446047 4.355908098037646e-05
2495.5955955955956 1.5053279821970615 4.3325614904890606e-05
2496.2962962962965 1.505340090798837 4.309402074113111e-05
2496.996996996997 1.5053521347729133 4.286427853123066e-05
2497.6976976976975 1.505364114635277 4.263636858258949e-05
2498.3983983983985 1.5053760308964375 4.241027146365605e-05
2499.099099099099 1.5053878840614994 4.218596799978593e-05
2499.7997997998 1.5053996746302323 4.196343926917579e-05
2500.5005005005005 1.5054114030971433 4.1742666598874353e-05
2501.201201201201 1.5054230699515438 4.1523631560864406e-05
2501.901901901902 1.5054346756776193 4.130631596821808e-05
2502.6026026026025 1.505446220754495 4.109070187132235e-05
2503.3033033033034 1.505457705656303 4.0876771554171714e-05
2504.004004004004 1.5054691308522463 4.0664507530730695e-05
2504.7047047047045 1.505480496806663 4.045389254135983e-05
2505.4054054054054 1.505491803979089 4.0244909549307896e-05
2506.106106106106 1.50550305282432 4.0037541737267265e-05
2506.806806806807 1.5055142437924727 3.983177250398988e-05
2507.5075075075074 1.5055253773290442 3.9627585460966e-05
2508.208208208208 1.505536453874972 3.9424964429160306e-05
2508.908908908909 1.5055474738666914 3.922389343580763e-05
2509.60960960961 1.5055584377361935 3.902435671126557e-05
2510.3103103103103 1.5055693459110804 3.882633868592254e-05
2511.011011011011 1.505580198814622 3.862982398716047e-05
2511.711711711712 1.505590996865811 3.843479743637174e-05
2512.4124124124123 1.5056017404794155 3.8241244046028905e-05
2513.1131131131133 1.5056124300660323 3.804914901680451e-05
2513.813813813814 1.5056230660321406 3.785849773474335e-05
2514.5145145145143 1.5056336487801516 3.7669275768482385e-05
2515.2152152152153 1.5056441787084613 3.7481468866520305e-05
2515.915915915916 1.5056546562114979 3.729506295453471e-05
2516.6166166166167 1.5056650816797736 3.711004413274451e-05
2517.3173173173172 1.5056754554999314 3.692639867332003e-05
2518.0180180180178 1.505685778054794 3.6744113017835785e-05
2518.7187187187187 1.5056960497234098 3.656317377476861e-05
2519.4194194194192 1.5057062708811002 3.6383567717038616e-05
2520.12012012012 1.5057164418995042 3.6205281779591234e-05
2520.8208208208207 1.5057265631466255 3.6028303057022255e-05
2521.5215215215217 1.5057366349868737 3.585261880124178e-05
2522.222222222222 1.5057466577811118 3.567821641917947e-05
2522.922922922923 1.5057566318866962 3.550508347052721e-05
2523.6236236236236 1.5057665576575203 3.533320766552162e-05
2524.324324324324 1.5057764354440566 3.5162576862762575e-05
2525.025025025025 1.5057862655933978 3.4993179067069354e-05
2525.7257257257256 1.5057960484492967 3.482500242737308e-05
2526.4264264264266 1.5058057843522077 3.465803523464329e-05
2527.127127127127 1.505815473639325 3.44922659198509e-05
2527.8278278278276 1.505825116644622 3.43276830519635e-05
2528.5285285285286 1.5058347136988897 3.41642753359753e-05
2529.229229229229 1.505844265129774 3.400203161096951e-05
2529.92992992993 1.5058537712618147 3.384094084821209e-05
2530.6306306306305 1.5058632324164796 3.368099214927843e-05
2531.331331331331 1.5058726489122027 3.352217474420941e-05
2532.032032032032 1.5058820210644195 3.336447798969892e-05
2532.732732732733 1.5058913491856016 3.3207891367310965e-05
2533.4334334334335 1.505900633585292 3.305240448172563e-05
2534.134134134134 1.5059098745701398 3.28980070590136e-05
2534.834834834835 1.505919072443932 3.2744688944939486e-05
2535.5355355355355 1.5059282275076296 3.259244010329258e-05
2536.2362362362364 1.5059373400593976 3.244125061424383e-05
2536.936936936937 1.5059464103946398 3.229111067273098e-05
2537.6376376376375 1.505955438806029 3.2142010586868145e-05
2538.3383383383384 1.5059644255835392 3.1993940776382256e-05
2539.039039039039 1.5059733710144767 3.184689177107439e-05
2539.73973973974 1.50598227538351 3.1700854209305013e-05
2540.4404404404404 1.5059911389727012 3.155581883650484e-05
2541.141141141141 1.5059999620615345 3.14117765037081e-05
2541.841841841842 1.5060087449269468 3.126871816611002e-05
2542.5425425425424 1.5060174878433554 3.1126634881647403e-05
2543.2432432432433 1.5060261910826873 3.0985517809600654e-05
2543.943943943944 1.5060348549144076 3.08453582092194e-05
2544.6446446446444 1.506043479605547 3.070614743836843e-05
2545.3453453453453 1.5060520654207288 3.056787695219589e-05
2546.0460460460463 1.5060606126221965 3.043053830182226e-05
2546.746746746747 1.506069121469841 3.0294123133049674e-05
2547.4474474474473 1.506077592221225 3.0158623185091287e-05
2548.1481481481483 1.506086025131612 3.0024030289320987e-05
2548.848848848849 1.5060944204539883 2.989033636804255e-05
2549.5495495495497 1.506102778439092 2.975753343327719e-05
2550.2502502502502 1.5061110993354352 2.9625613585571073e-05
2550.9509509509508 1.5061193833893294 2.9494569012820137e-05
2551.6516516516517 1.5061276308449105 2.9364391989113842e-05
2552.352352352352 1.5061358419441624 2.9235074873596744e-05
2553.053053053053 1.5061440169269398 2.9106610109346764e-05
2553.7537537537537 1.506152156030993 2.8978990222271895e-05
2554.454454454454 1.50616025949199 2.885220782002259e-05
2555.155155155155 1.5061683275435396 2.8726255590921517e-05
2555.8558558558557 1.506176360417213 2.8601126302909767e-05
2556.5565565565566 1.5061843583425676 2.8476812802508092e-05
2557.257257257257 1.5061923215471673 2.83533080137953e-05
2557.9579579579577 1.5062002502566052 2.823060493740079e-05
2558.6586586586586 1.5062081446945237 2.8108696649513205e-05
2559.3593593593596 1.506216005082637 2.7987576300903837e-05
2560.06006006006 1.5062238316407504 2.7867237115964585e-05
2560.7607607607606 1.506231624586782 2.774767239176015e-05
2561.4614614614616 1.5062393841367816 2.7628875497094974e-05
2562.162162162162 1.5062471105049529 2.7510839871593936e-05
2562.862862862863 1.5062548039036698 2.7393559024796292e-05
2563.5635635635635 1.5062624645434997 2.7277026535263973e-05
2564.264264264264 1.506270092633219 2.716123604970224e-05
2564.964964964965 1.5062776883798354 2.7046181282093898e-05
2565.6656656656655 1.5062852519886047 2.6931856012846473e-05
2566.3663663663665 1.5062927836630489 2.6818254087951237e-05
2567.067067067067 1.506300283604976 2.6705369418155587e-05
2567.7677677677675 1.5063077520144967 2.6593195978146672e-05
2568.4684684684685 1.5063151890900437 2.648172780574759e-05
2569.169169169169 1.506322595028387 2.63709590011254e-05
2569.86986986987 1.5063299700246535 2.6260883726009996e-05
2570.5705705705705 1.506337314272343 2.6151496202925443e-05
2571.271271271271 1.5063446279633455 2.6042790714431366e-05
2571.971971971972 1.5063519112879564 2.5934761602376162e-05
2572.672672672673 1.5063591644348966 2.5827403267160847e-05
2573.3733733733734 1.5063663875913247 2.5720710167013366e-05
2574.074074074074 1.5063735809428553 2.5614676817273348e-05
2574.774774774775 1.506380744673575 2.550929778968733e-05
2575.4754754754754 1.5063878789660579 2.5404567711714362e-05
2576.1761761761763 1.5063949840013793 2.530048126584075e-05
2576.876876876877 1.5064020599591341 2.519703318890561e-05
2577.5775775775774 1.5064091070174492 2.5094218271435215e-05
2578.2782782782783 1.5064161253530013 2.4992031356987242e-05
2578.978978978979 1.5064231151410274 2.4890467341504573e-05
2579.67967967968 1.5064300765553442 2.4789521172677446e-05
2580.3803803803803 1.5064370097683593 2.4689187849315764e-05
2581.081081081081 1.5064439149510866 2.4589462420729147e-05
2581.781781781782 1.50645079227316 2.449033998611653e-05
2582.4824824824827 1.5064576419028473 2.4391815693964197e-05
2583.1831831831832 1.5064644640070646 2.4293884741451995e-05
2583.8838838838838 1.5064712587513889 2.4196542373867976e-05
2584.5845845845847 1.506478026300072 2.4099783884031403e-05
2585.285285285285 1.5064847668160535 2.400360461172393e-05
2585.985985985986 1.5064914804609741 2.3907999943127994e-05
2586.6866866866867 1.5064981673951887 2.3812965310274065e-05
2587.387387387387 1.5065048277777786 2.3718496190494602e-05
2588.088088088088 1.5065114617665643 2.3624588105886147e-05
2588.7887887887887 1.5065180695181182 2.3531236622778905e-05
2589.4894894894896 1.506524651187777 2.3438437351213033e-05
2590.19019019019 1.5065312069296533 2.3346185944423043e-05
2590.8908908908907 1.5065377368966484 2.3254478098328354e-05
2591.5915915915916 1.5065442412404635 2.3163309551031528e-05
2592.292292292292 1.5065507201116115 2.3072676082323262e-05
2592.992992992993 1.506557173659429 2.2982573513193626e-05
2593.6936936936936 1.506563602032088 2.2892997705350828e-05
2594.394394394394 1.506570005376606 2.280394456074571e-05
2595.095095095095 1.5065763838388595 2.2715410021103104e-05
2595.795795795796 1.5065827375635914 2.2627390067459773e-05
2596.4964964964965 1.506589066694426 2.253988071970811e-05
2597.197197197197 1.5065953713738773 2.2452878036146138e-05
2597.897897897898 1.5066016517433602 2.23663781130338e-05
2598.5985985985985 1.5066079079432022 2.2280377084155208e-05
2599.2992992992995 1.5066141401126512 2.2194871120386303e-05
2600.0 1.5066203483898895 2.2109856429269043e-05
2601.0 1.58 0.0
3599.3973973973975 1.58 0.0
4597.794794794795 1.58 0.0
5596.192192192192 1.58 0.0
6594.58958958959 1.58 0.0
7592.986986986987 1.58 0.0
8591.384384384384 1.58 0.0
9589.781781781781 1.58 0.0
10588.17917917918 1.58 0.0
11586.576576576577 1.58 0.0
12584.973973973974 1.58 0.0
13583.371371371371 1.58 0.0
14581.768768768768 1.58 0.0
15580.166166166166 1.58 0.0
16578.563563563563 1.58 0.0
17576.96096096096 1.58 0.0
18575.35835835836 1.58 0.0
19573.755755755756 1.58 0.0
20572.153153153155 1.58 0.0
21570.55055055055 1.58 0.0
22568.94794794795 1.58 0.0
23567.345345345344 1.58 0.0
24565.742742742743 1.58 0.0
25564.14014014014 1.58 0.0
26562.537537537537 1.58 0.0
27560.934934934936 1.58 0.0
28559.33233233233 1.58 0.0
29557.72972972973 1.58 0.0
30556.12712712713 1.58 0.0
31554.524524524524 1.58 0.0
32552.921921921923 1.58 0.0
33551.319319319315 1.58 0.0
34549.71671671672 1.58 0.0
35548.11411411411 1.58 0.0
36546.51151151151 1.58 0.0
37544.90890890891 1.58 0.0
38543.30630630631 1.58 0.0
39541.7037037037 1.58 0.0
40540.1011011011 1.58 0.0
41538.4984984985 1.58 0.0
42536.8958958959 1.58 0.0
43535.293293293296 1.58 0.0
44533.69069069069 1.58 0.0
45532.08808808809 1.58 0.0
46530.485485485486 1.58 0.0
47528.882882882885 1.58 0.0
48527.28028028028 1.58 0.0
49525.677677677675 1.58 0.0
50524.075075075074 1.58 0.0
51522.47247247247 1.58 0.0
52520.86986986987 1.58 0.0
53519.26726726727 1.58 0.0
54517.66466466466 1.58 0.0
55516.06206206206 1.58 0.0
56514.45945945946 1.58 0.0
57512.85685685686 1.58 0.0
58511.25425425426 1.58 0.0
59509.65165165165 1.58 0.0
60508.04904904905 1.58 0.0
61506.44644644645 1.58 0.0
62504.843843843846 1.58 0.0
63503.241241241245 1.58 0.0
64501.63863863864 1.58 0.0
65500.036036036036 1.58 0.0
66498.43343343344 1.58 0.0
67496.83083083083 1.58 0.0
68495.22822822822 1.58 0.0
69493.62562562563 1.58 0.0
70492.02302302302 1.58 0.0
71490.42042042041 1.58 0.0
72488.81781781782 1.58 0.0
73487.21521521521 1.58 0.0
74485.61261261262 1.58 0.0
75484.01001001001 1.58 0.0
76482.4074074074 1.58 0.0
77480.80480480481 1.58 0.0
78479.2022022022 1.58 0.0
79477.5995995996 1.58 0.0
80475.996996997 1.58 0.0
81474.39439439439 1.58 0.0
82472.7917917918 1.58 0.0
83471.18918918919 1.58 0.0
84469.58658658659 1.58 0.0
85467.98398398398 1.58 0.0
86466.38138138138 1.58 0.0
87464.77877877878 1.58 0.0
88463.17617617617 1.58 0.0
89461.57357357358 1.58 0.0
90459.97097097097 1.58 0.0
91458.36836836836 1.58 0.0
92456.76576576577 1.58 0.0
93455.16316316316 1.58 0.0
94453.56056056057 1.58 0.0
95451.95795795796 1.58 0.0
96450.35535535535 1.58 0.0
97448.75275275276 1.58 0.0
98447.15015015015 1.58 0.0
99445.54754754755 1.58 0.0
100443.94494494495 1.58 0.0
101442.34234234234 1.58 0.0
102440.73973973974 1.58 0.0
103439.13713713714 1.58 0.0
104437.53453453454 1.58 0.0
105435.93193193193 1.58 0.0
106434.32932932932 1.58 0.0
107432.72672672673 1.58 0.0
108431.12412412412 1.58 0.0
109429.52152152153 1.58 0.0
110427.91891891892 1.58 0.0
111426.31631631631 1.58 0.0
112424.71371371372 1.58 0.0
113423.11111111111 1.58 0.0
114421.50850850852 1.58 0.0
115419.9059059059 1.58 0.0
116418.3033033033 1.58 0.0
117416.7007007007 1.58 0.0
118415.0980980981 1.58 0.0
119413.4954954955 1.58 0.0
120411.8928928929 1.58 0.0
121410.29029029029 1.58 0.0
122408.68768768769 1.58 0.0
123407.08508508508 1.58 0.0
124405.48248248249 1.58 0.0
125403.87987987988 1.58 0.0
126402.27727727727 1.58 0.0
127400.67467467468 1.58 0.0
128399.07207207207 1.58 0.0
129397.46946946948 1.58 0.0
130395.86686686687 1.58 0.0
131394.26426426426 1.58 0.0
132392.66166166167 1.58 0.0
133391.05905905907 1.58 0.0
134389.45645645645 1.58 0.0
135387.85385385386 1.58 0.0
136386.25125125126 1.58 0.0
137384.64864864864 1.58 0.0
138383.04604604605 1.58 0.0
139381.44344344345 1.58 0.0
140379.84084084083 1.58 0.0
141378.23823823823 1.58 0.0
142376.63563563564 1.58 0.0
143375.03303303305 1.58 0.0
144373.43043043042 1.58 0.0
145371.82782782783 1.58 0.0
146370.22522522524 1.58 0.0
147368.6226226226 1.58 0.0
148367.02002002002 1.58 0.0
149365.41741741743 1.58 0.0
150363.8148148148 1.58 0.0
151362.2122122122 1.58 0.0
152360.60960960962 1.58 0.0
153359.00700700702 1.58 0.0
154357.4044044044 1.58 0.0
155355.8018018018 1.58 0.0
156354.1991991992 1.58 0.0
157352.5965965966 1.58 0.0
158350.993993994 1.58 0.0
159349.3913913914 1.58 0.0
160347.78878878878 1.58 0.0
161346.18618618618 1.58 0.0
162344.5835835836 1.58 0.0
163342.980980981 1.58 0.0
164341.37837837837 1.58 0.0
165339.77577577578 1.58 0.0
166338.17317317319 1.58 0.0
167336.57057057056 1.58 0.0
168334.96796796797 1.58 0.0
169333.36536536537 1.58 0.0
170331.76276276275 1.58 0.0
171330.16016016016 1.58 0.0
172328.55755755756 1.58 0.0
173326.95495495497 1.58 0.0
174325.35235235235 1.58 0.0
175323.74974974975 1.58 0.0
176322.14714714716 1.58 0.0
177320.54454454454 1.58 0.0
178318.94194194194 1.58 0.0
179317.33933933935 1.58 0.0
180315.73673673673 1.58 0.0
181314.13413413413 1.58 0.0
182312.53153153154 1.58 0.0
183310.92892892894 1.58 0.0
184309.32632632632 1.58 0.0
185307.72372372373 1.58 0.0
186306.12112112113 1.58 0.0
187304.5185185185 1.58 0.0
188302.91591591592 1.58 0.0
189301.31331331332 1.58 0.0
190299.7107107107 1.58 0.0
191298.1081081081 1.58 0.0
192296.5055055055 1.58 0.0
193294.90290290292 1.58 0.0
194293.3003003003 1.58 0.0
195291.6976976977 1.58 0.0
196290.0950950951 1.58 0.0
197288.49249249249 1.58 0.0
198286.8898898899 1.58 0.0
199285.2872872873 1.58 0.0
200283.68468468467 1.58 0.0
201282.08208208208 1.58 0.0
202280.4794794795 1.58 0.0
203278.8768768769 1.58 0.0
204277.27427427427 1.58 0.0
205275.67167167168 1.58 0.0
206274.06906906908 1.58 0.0
207272.46646646646 1.58 0.0
208270.86386386387 1.58 0.0
209269.26126126127 1.58 0.0
210267.65865865865 1.58 0.0
211266.05605605606 1.58 0.0
212264.45345345346 1.58 0.0
213262.85085085087 1.58 0.0
214261.24824824824 1.58 0.0
215259.64564564565 1.58 0.0
216258.04304304306 1.58 0.0
217256.44044044043 1.58 0.0
218254.83783783784 1.58 0.0
219253.23523523525 1.58 0.0
220251.63263263262 1.58 0.0
221250.03003003003 1.58 0.0
222248.42742742744 1.58 0.0
223246.82482482484 1.58 0.0
224245.22222222222 1.58 0.0
225243.61961961963 1.58 0.0
226242.01701701703 1.58 0.0
227240.4144144144 1.58 0.0
228238.8118118118 1.58 0.0
229237.20920920922 1.58 0.0
230235.6066066066 1.58 0.0
231234.004004004 1.58 0.0
232232.4014014014 1.58 0.0
233230.79879879882 1.58 0.0
234229.1961961962 1.58 0.0
235227.5935935936 1.58 0.0
236225.990990991 1.58 0.0
237224.38838838838 1.58 0.0
238222.7857857858 1.58 0.0
239221.1831831832 1.58 0.0
240219.58058058057 1.58 0.0
241217.97797797798 1.58 0.0
242216.37537537538 1.58 0.0
243214.7727727728 1.58 0.0
244213.17017017017 1.58 0.0
245211.56756756757 1.58 0.0
246209.96496496498 1.58 0.0
247208.36236236236 1.58 0.0
248206.75975975976 1.58 0.0
249205.15715715717 1.58 0.0
250203.55455455455 1.58 0.0
251201.95195195195 1.58 0.0
252200.34934934936 1.58 0.0
253198.74674674676 1.58 0.0
254197.14414414414 1.58 0.0
255195.54154154155 1.58 0.0
256193.93893893895 1.58 0.0
257192.33633633633 1.58 0.0
258190.73373373374 1.58 0.0
259189.13113113114 1.58 0.0
260187.52852852852 1.58 0.0
261185.92592592593 1.58 0.0
262184.32332332333 1.58 0.0
263182.7207207207 1.58 0.0
264181.11811811815 1.58 0.0
265179.5155155155 1.58 0.0
266177.9129129129 1.58 0.0
267176.31031031033 1.58 0.0
268174.7077077077 1.58 0.0
269173.1051051051 1.58 0.0
270171.5025025025 1.58 0.0
271169.8998998999 1.58 0.0
272168.2972972973 1.58 0.0
273166.6946946947 1.58 0.0
274165.0920920921 1.58 0.0
275163.48948948947 1.58 0.0
276161.8868868869 1.58 0.0
277160.2842842843 1.58 0.0
278158.68168168166 1.58 0.0
279157.0790790791 1.58 0.0
280155.47647647647 1.58 0.0
281153.8738738739 1.58 0.0
282152.2712712713 1.58 0.0
283150.66866866866 1.58 0.0
284149.0660660661 1.58 0.0
285147.4634634635 1.58 0.0
286145.86086086085 1.58 0.0
287144.2582582583 1.58 0.0
288142.65565565566 1.58 0.0
289141.05305305304 1.58 0.0
290139.4504504505 1.58 0.0
291137.84784784785 1.58 0.0
292136.2452452452 1.58 0.0
293134.64264264266 1.58 0.0
294133.04004004004 1.58 0.0
295131.4374374374 1.58 0.0
296129.83483483485 1.58 0.0
297128.2322322322 1.58 0.0
298126.6296296296 1.58 0.0
299125.02702702704 1.58 0.0
300123.4244244244 1.58 0.0
301121.82182182185 1.58 0.0
302120.21921921923 1.58 0.0
303118.6166166166 1.58 0.0
304117.01401401404 1.58 0.0
305115.4114114114 1.58 0.0
306113.8088088088 1.58 0.0
307112.20620620623 1.58 0.0
308110.6036036036 1.58 0.0
309109.001001001 1.58 0.0
310107.3983983984 1.58 0.0
311105.7957957958 1.58 0.0
312104.1931931932 1.58 0.0
313102.5905905906 1.58 0.0
314100.987987988 1.58 0.0
315099.38538538537 1.58 0.0
316097.7827827828 1.58 0.0
317096.1801801802 1.58 0.0
318094.57757757755 1.58 0.0
319092.974974975 1.58 0.0
320091.37237237237 1.58 0.0
321089.7697697698 1.58 0.0
322088.1671671672 1.58 0.0
323086.56456456456 1.58 0.0
324084.961961962 1.58 0.0
325083.35935935937 1.58 0.0
326081.75675675675 1.58 0.0
327080.1541541542 1.58 0.0
328078.55155155156 1.58 0.0
329076.94894894894 1.58 0.0
330075.34634634637 1.58 0.0
331073.74374374375 1.58 0.0
332072.1411411411 1.58 0.0
333070.53853853856 1.58 0.0
334068.93593593594 1.58 0.0
335067.3333333333 1.58 0.0
336065.73073073075 1.58 0.0
337064.1281281281 1.58 0.0
338062.5255255255 1.58 0.0
339060.92292292294 1.58 0.0
340059.3203203203 1.58 0.0
341057.71771771775 1.58 0.0
342056.1151151151 1.58 0.0
343054.5125125125 1.58 0.0
344052.90990990994 1.58 0.0
345051.3073073073 1.58 0.0
346049.7047047047 1.58 0.0
347048.10210210213 1.58 0.0
348046.4994994995 1.58 0.0
349044.8968968969 1.58 0.0
350043.2942942943 1.58 0.0
351041.6916916917 1.58 0.0
352040.0890890891 1.58 0.0
353038.4864864865 1.58 0.0
354036.8838838839 1.58 0.0
355035.28128128126 1.58 0.0
356033.6786786787 1.58 0.0
357032.0760760761 1.58 0.0
358030.47347347345 1.58 0.0
359028.8708708709 1.58 0.0
360027.26826826826 1.58 0.0
361025.6656656657 1.58 0.0
362024.0630630631 1.58 0.0
363022.46046046045 1.58 0.0
364020.8578578579 1.58 0.0
365019.25525525527 1.58 0.0
366017.65265265264 1.58 0.0
367016.0500500501 1.58 0.0
368014.44744744746 1.58 0.0
369012.84484484483 1.58 0.0
370011.24224224227 1.58 0.0
371009.63963963964 1.58 0.0
372008.037037037 1.58 0.0
373006.43443443446 1.58 0.0
374004.83183183183 1.58 0.0
375003.2292292292 1.58 0.0
376001.62662662665 1.58 0.0
377000.024024024 1.58 0.0
377998.4214214214 1.58 0.0
378996.81881881884 1.58 0.0
379995.2162162162 1.58 0.0
380993.61361361365 1.58 0.0
381992.011011011 1.58 0.0
382990.4084084084 1.58 0.0
383988.80580580584 1.58 0.0
384987.2032032032 1.58 0.0
385985.6006006006 1.58 0.0
386983.997997998 1.58 0.0
387982.3953953954 1.58 0.0
388980.7927927928 1.58 0.0
389979.1901901902 1.58 0.0
390977.5875875876 1.58 0.0
391975.98498498497 1.58 0.0
392974.3823823824 1.58 0.0
393972.7797797798 1.58 0.0
394971.17717717716 1.58 0.0
395969.5745745746 1.58 0.0
396967.971971972 1.58 0.0
397966.36936936935 1.58 0.0
398964.7667667668 1.58 0.0
399963.16416416416 1.58 0.0
400961.56156156154 1.58 0.0
401959.958958959 1.58 0.0
402958.35635635635 1.58 0.0
403956.7537537538 1.58 0.0
404955.15115115116 1.58 0.0
405953.54854854854 1.58 0.0
406951.945945946 1.58 0.0
407950.34334334335 1.58 0.0
408948.74074074073 1.58 0.0
409947.13813813817 1.58 0.0
410945.53553553554 1.58 0.0
411943.9329329329 1.58 0.0
412942.33033033035 1.58 0.0
413940.72772772773 1.58 0.0
414939.1251251251 1.58 0.0
415937.52252252254 1.58 0.0
416935.9199199199 1.58 0.0
417934.3173173173 1.58 0.0
418932.71471471473 1.58 0.0
419931.1121121121 1.58 0.0
420929.5095095095 1.58 0.0
421927.9069069069 1.58 0.0
422926.3043043043 1.58 0.0
423924.70170170174 1.58 0.0
424923.0990990991 1.58 0.0
425921.4964964965 1.58 0.0
426919.8938938939 1.58 0.0
427918.2912912913 1.58 0.0
428916.6886886887 1.58 0.0
429915.0860860861 1.58 0.0
430913.4834834835 1.58 0.0
431911.88088088087 1.58 0.0
432910.2782782783 1.58 0.0
433908.6756756757 1.58 0.0
434907.07307307306 1.58 0.0
435905.4704704705 1.58 0.0
436903.86786786787 1.58 0.0
437902.26526526525 1.58 0.0
438900.6626626627 1.58 0.0
439899.06006006006 1.58 0.0
440897.45745745744 1.58 0.0
441895.8548548549 1.58 0.0
442894.25225225225 1.58 0.0
443892.6496496497 1.58 0.0
444891.04704704706 1.58 0.0
445889.44444444444 1.58 0.0
446887.8418418419 1.58 0.0
447886.23923923925 1.58 0.0
448884.6366366366 1.58 0.0
449883.03403403406 1.58 0.0
450881.43143143144 1.58 0.0
451879.8288288288 1.58 0.0
452878.22622622625 1.58 0.0
453876.6236236236 1.58 0.0
454875.021021021 1.58 0.0
455873.41841841844 1.58 0.0
456871.8158158158 1.58 0.0
457870.2132132132 1.58 0.0
458868.61061061063 1.58 0.0
459867.008008008 1.58 0.0
460865.4054054054 1.58 0.0
461863.8028028028 1.58 0.0
462862.2002002002 1.58 0.0
463860.59759759763 1.58 0.0
464858.994994995 1.58 0.0
465857.3923923924 1.58 0.0
466855.7897897898 1.58 0.0
467854.1871871872 1.58 0.0
468852.5845845846 1.58 0.0
469850.981981982 1.58 0.0
470849.3793793794 1.58 0.0
471847.77677677677 1.58 0.0
472846.1741741742 1.58 0.0
473844.5715715716 1.58 0.0
474842.96896896895 1.58 0.0
475841.3663663664 1.58 0.0
476839.76376376377 1.58 0.0
477838.16116116114 1.58 0.0
478836.5585585586 1.58 0.0
479834.95595595596 1.58 0.0
480833.35335335333 1.58 0.0
481831.75075075077 1.58 0.0
482830.14814814815 1.58 0.0
483828.5455455456 1.58 0.0
484826.94294294296 1.58 0.0
485825.34034034034 1.58 0.0
486823.73773773777 1.58 0.0
487822.13513513515 1.58 0.0
488820.5325325325 1.58 0.0
489818.92992992996 1.58 0.0
490817.32732732734 1.58 0.0
491815.7247247247 1.58 0.0
492814.12212212215 1.58 0.0
493812.5195195195 1.58 0.0
494810.9169169169 1.58 0.0
495809.31431431434 1.58 0.0
496807.7117117117 1.58 0.0
497806.1091091091 1.58 0.0
498804.5065065065 1.58 0.0
499802.9039039039 1.58 0.0
500801.3013013013 1.58 0.0
501799.6986986987 1.58 0.0
502798.0960960961 1.58 0.0
503796.49349349353 1.58 0.0
504794.8908908909 1.58 0.0
505793.2882882883 1.58 0.0
506791.6856856857 1.58 0.0
507790.0830830831 1.58 0.0
508788.4804804805 1.58 0.0
509786.8778778779 1.58 0.0
510785.2752752753 1.58 0.0
511783.67267267266 1.58 0.0
512782.0700700701 1.58 0.0
513780.4674674675 1.58 0.0
514778.86486486485 1.58 0.0
515777.2622622623 1.58 0.0
516775.65965965966 1.58 0.0
517774.05705705704 1.58 0.0
518772.4544544545 1.58 0.0
519770.85185185185 1.58 0.0
520769.24924924923 1.58 0.0
521767.64664664667 1.58 0.0
522766.04404404404 1.58 0.0
523764.4414414414 1.58 0.0
524762.8388388389 1.58 0.0
525761.2362362363 1.58 0.0
526759.6336336336 1.58 0.0
527758.031031031 1.58 0.0
528756.4284284285 1.58 0.0
529754.8258258258 1.58 0.0
530753.2232232232 1.58 0.0
531751.6206206207 1.58 0.0
532750.018018018 1.58 0.0
533748.4154154154 1.58 0.0
534746.8128128129 1.58 0.0
535745.2102102102 1.58 0.0
536743.6076076076 1.58 0.0
537742.005005005 1.58 0.0
538740.4024024024 1.58 0.0
539738.7997997998 1.58 0.0
540737.1971971972 1.58 0.0
541735.5945945946 1.58 0.0
542733.991991992 1.58 0.0
543732.3893893894 1.58 0.0
544730.7867867867 1.58 0.0
545729.1841841842 1.58 0.0
546727.5815815816 1.58 0.0
547725.9789789789 1.58 0.0
548724.3763763764 1.58 0.0
549722.7737737738 1.58 0.0
550721.1711711711 1.58 0.0
551719.5685685686 1.58 0.0
552717.965965966 1.58 0.0
553716.3633633633 1.58 0.0
554714.7607607607 1.58 0.0
555713.1581581582 1.58 0.0
556711.5555555556 1.58 0.0
557709.9529529529 1.58 0.0
558708.3503503504 1.58 0.0
559706.7477477478 1.58 0.0
560705.1451451451 1.58 0.0
561703.5425425426 1.58 0.0
562701.93993994 1.58 0.0
563700.3373373373 1.58 0.0
564698.7347347348 1.58 0.0
565697.1321321322 1.58 0.0
566695.5295295295 1.58 0.0
567693.926926927 1.58 0.0
568692.3243243244 1.58 0.0
569690.7217217217 1.58 0.0
570689.1191191191 1.58 0.0
571687.5165165166 1.58 0.0
572685.9139139139 1.58 0.0
573684.3113113113 1.58 0.0
574682.7087087088 1.58 0.0
575681.1061061061 1.58 0.0
576679.5035035035 1.58 0.0
577677.900900901 1.58 0.0
578676.2982982983 1.58 0.0
579674.6956956957 1.58 0.0
580673.0930930931 1.58 0.0
581671.4904904905 1.58 0.0
582669.8878878879 1.58 0.0
583668.2852852853 1.58 0.0
584666.6826826826 1.58 0.0
585665.0800800801 1.58 0.0
586663.4774774775 1.58 0.0
587661.8748748748 1.58 0.0
588660.2722722723 1.58 0.0
589658.6696696697 1.58 0.0
590657.067067067 1.58 0.0
591655.4644644645 1.58 0.0
592653.8618618619 1.58 0.0
593652.2592592592 1.58 0.0
594650.6566566566 1.58 0.0
595649.0540540541 1.58 0.0
596647.4514514515 1.58 0.0
597645.8488488488 1.58 0.0
598644.2462462463 1.58 0.0
599642.6436436437 1.58 0.0
600641.041041041 1.58 0.0
601639.4384384385 1.58 0.0
602637.8358358359 1.58 0.0
603636.2332332332 1.58 0.0
604634.6306306307 1.58 0.0
605633.0280280281 1.58 0.0
606631.4254254254 1.58 0.0
607629.8228228228 1.58 0.0
608628.2202202203 1.58 0.0
609626.6176176176 1.58 0.0
610625.015015015 1.58 0.0
611623.4124124125 1.58 0.0
612621.8098098098 1.58 0.0
613620.2072072072 1.58 0.0
614618.6046046047 1.58 0.0
615617.002002002 1.58 0.0
616615.3993993994 1.58 0.0
617613.7967967968 1.58 0.0
618612.1941941942 1.58 0.0
619610.5915915916 1.58 0.0
620608.988988989 1.58 0.0
621607.3863863864 1.58 0.0
622605.7837837838 1.58 0.0
623604.1811811812 1.58 0.0
624602.5785785785 1.58 0.0
625600.975975976 1.58 0.0
626599.3733733734 1.58 0.0
627597.7707707707 1.58 0.0
628596.1681681682 1.58 0.0
629594.5655655656 1.58 0.0
630592.9629629629 1.58 0.0
631591.3603603604 1.58 0.0
632589.7577577578 1.58 0.0
633588.1551551551 1.58 0.0
634586.5525525525 1.58 0.0
635584.94994995 1.58 0.0
636583.3473473474 1.58 0.0
637581.7447447447 1.58 0.0
638580.1421421422 1.58 0.0
639578.5395395396 1.58 0.0
640576.9369369369 1.58 0.0
641575.3343343344 1.58 0.0
642573.7317317318 1.58 0.0
643572.1291291291 1.58 0.0
644570.5265265265 1.58 0.0
645568.923923924 1.58 0.0
646567.3213213213 1.58 0.0
647565.7187187187 1.58 0.0
648564.1161161162 1.58 0.0
649562.5135135135 1.58 0.0
650560.9109109109 1.58 0.0
651559.3083083084 1.58 0.0
652557.7057057057 1.58 0.0
653556.1031031031 1.58 0.0
654554.5005005006 1.58 0.0
655552.8978978979 1.58 0.0
656551.2952952953 1.58 0.0
657549.6926926927 1.58 0.0
658548.0900900901 1.58 0.0
659546.4874874875 1.58 0.0
660544.8848848849 1.58 0.0
661543.2822822822 1.58 0.0
662541.6796796797 1.58 0.0
663540.0770770771 1.58 0.0
664538.4744744744 1.58 0.0
665536.8718718719 1.58 0.0
666535.2692692693 1.58 0.0
667533.6666666666 1.58 0.0
668532.0640640641 1.58 0.0
669530.4614614615 1.58 0.0
670528.8588588588 1.58 0.0
671527.2562562563 1.58 0.0
672525.6536536537 1.58 0.0
673524.051051051 1.58 0.0
674522.4484484484 1.58 0.0
675520.8458458459 1.58 0.0
676519.2432432432 1.58 0.0
677517.6406406406 1.58 0.0
678516.0380380381 1.58 0.0
679514.4354354355 1.58 0.0
680512.8328328328 1.58 0.0
681511.2302302303 1.58 0.0
682509.6276276277 1.58 0.0
683508.025025025 1.58 0.0
684506.4224224224 1.58 0.0
685504.8198198199 1.58 0.0
686503.2172172172 1.58 0.0
687501.6146146146 1.58 0.0
688500.0120120121 1.58 0.0
689498.4094094094 1.58 0.0
690496.8068068068 1.58 0.0
691495.2042042043 1.58 0.0
692493.6016016016 1.58 0.0
693491.998998999 1.58 0.0
694490.3963963964 1.58 0.0
695488.7937937938 1.58 0.0
696487.1911911912 1.58 0.0
697485.5885885886 1.58 0.0
698483.985985986 1.58 0.0
699482.3833833834 1.58 0.0
700480.7807807808 1.58 0.0
701479.1781781781 1.58 0.0
702477.5755755756 1.58 0.0
703475.972972973 1.58 0.0
704474.3703703703 1.58 0.0
705472.7677677678 1.58 0.0
706471.1651651652 1.58 0.0
707469.5625625625 1.58 0.0
708467.95995996 1.58 0.0
709466.3573573574 1.58 0.0
710464.7547547547 1.58 0.0
711463.1521521521 1.58 0.0
712461.5495495496 1.58 0.0
713459.9469469469 1.58 0.0
714458.3443443443 1.58 0.0
715456.7417417418 1.58 0.0
716455.1391391391 1.58 0.0
717453.5365365365 1.58 0.0
718451.933933934 1.58 0.0
719450.3313313314 1.58 0.0
720448.7287287287 1.58 0.0
721447.1261261262 1.58 0.0
722445.5235235236 1.58 0.0
723443.9209209209 1.58 0.0
724442.3183183183 1.58 0.0
725440.7157157158 1.58 0.0
726439.1131131131 1.58 0.0
727437.5105105105 1.58 0.0
728435.907907908 1.58 0.0
729434.3053053053 1.58 0.0
730432.7027027027 1.58 0.0
731431.1001001002 1.58 0.0
732429.4974974975 1.58 0.0
733427.8948948949 1.58 0.0
734426.2922922923 1.58 0.0
735424.6896896897 1.58 0.0
736423.0870870871 1.58 0.0
737421.4844844845 1.58 0.0
738419.8818818819 1.58 0.0
739418.2792792793 1.58 0.0
740416.6766766767 1.58 0.0
741415.074074074 1.58 0.0
742413.4714714715 1.58 0.0
743411.8688688689 1.58 0.0
744410.2662662662 1.58 0.0
745408.6636636637 1.58 0.0
746407.0610610611 1.58 0.0
747405.4584584584 1.58 0.0
748403.8558558559 1.58 0.0
749402.2532532533 1.58 0.0
750400.6506506506 1.58 0.0
751399.048048048 1.58 0.0
752397.4454454455 1.58 0.0
753395.8428428428 1.58 0.0
754394.2402402402 1.58 0.0
755392.6376376377 1.58 0.0
756391.035035035 1.58 0.0
757389.4324324324 1.58 0.0
758387.8298298299 1.58 0.0
759386.2272272273 1.58 0.0
760384.6246246246 1.58 0.0
761383.022022022 1.58 0.0
762381.4194194195 1.58 0.0
763379.8168168168 1.58 0.0
764378.2142142142 1.58 0.0
765376.6116116117 1.58 0.0
766375.009009009 1.58 0.0
767373.4064064064 1.58 0.0
768371.8038038039 1.58 0.0
769370.2012012012 1.58 0.0
770368.5985985986 1.58 0.0
771366.995995996 1.58 0.0
772365.3933933934 1.58 0.0
773363.7907907908 1.58 0.0
774362.1881881882 1.58 0.0
775360.5855855856 1.58 0.0
776358.982982983 1.58 0.0
777357.3803803804 1.58 0.0
778355.7777777778 1.58 0.0
779354.1751751752 1.58 0.0
780352.5725725726 1.58 0.0
781350.9699699699 1.58 0.0
782349.3673673674 1.58 0.0
783347.7647647648 1.58 0.0
784346.1621621621 1.58 0.0
785344.5595595596 1.58 0.0
786342.956956957 1.58 0.0
787341.3543543543 1.58 0.0
788339.7517517518 1.58 0.0
789338.1491491492 1.58 0.0
790336.5465465465 1.58 0.0
791334.943943944 1.58 0.0
792333.3413413414 1.58 0.0
793331.7387387387 1.58 0.0
794330.1361361361 1.58 0.0
795328.5335335336 1.58 0.0
796326.9309309309 1.58 0.0
797325.3283283283 1.58 0.0
798323.7257257258 1.58 0.0
799322.1231231231 1.58 0.0
800320.5205205205 1.58 0.0
801318.917917918 1.58 0.0
802317.3153153154 1.58 0.0
803315.7127127127 1.58 0.0
804314.1101101101 1.58 0.0
805312.5075075076 1.58 0.0
806310.9049049049 1.58 0.0
807309.3023023023 1.58 0.0
808307.6996996998 1.58 0.0
809306.0970970971 1.58 0.0
810304.4944944945 1.58 0.0
811302.891891892 1.58 0.0
812301.2892892893 1.58 0.0
813299.6866866867 1.58 0.0
814298.0840840841 1.58 0.0
815296.4814814815 1.58 0.0
816294.8788788789 1.58 0.0
817293.2762762763 1.58 0.0
818291.6736736736 1.58 0.0
819290.0710710711 1.58 0.0
820288.4684684685 1.58 0.0
821286.8658658658 1.58 0.0
822285.2632632633 1.58 0.0
823283.6606606607 1.58 0.0
824282.058058058 1.58 0.0
825280.4554554555 1.58 0.0
826278.8528528529 1.58 0.0
827277.2502502502 1.58 0.0
828275.6476476477 1.58 0.0
829274.0450450451 1.58 0.0
830272.4424424424 1.58 0.0
831270.8398398398 1.58 0.0
832269.2372372373 1.58 0.0
833267.6346346346 1.58 0.0
834266.032032032 1.58 0.0
835264.4294294295 1.58 0.0
836262.8268268268 1.58 0.0
837261.2242242242 1.58 0.0
838259.6216216217 1.58 0.0
839258.019019019 1.58 0.0
840256.4164164164 1.58 0.0
841254.8138138138 1.58 0.0
842253.2112112113 1.58 0.0
843251.6086086086 1.58 0.0
844250.006006006 1.58 0.0
845248.4034034035 1.58 0.0
846246.8008008008 1.58 0.0
847245.1981981982 1.58 0.0
848243.5955955957 1.58 0.0
849241.992992993 1.58 0.0
850240.3903903904 1.58 0.0
851238.7877877878 1.58 0.0
852237.1851851852 1.58 0.0
853235.5825825826 1.58 0.0
854233.97997998 1.58 0.0
855232.3773773774 1.58 0.0
856230.7747747748 1.58 0.0
857229.1721721722 1.58 0.0
858227.5695695695 1.58 0.0
859225.966966967 1.58 0.0
860224.3643643644 1.58 0.0
861222.7617617617 1.58 0.0
862221.1591591592 1.58 0.0
863219.5565565566 1.58 0.0
864217.9539539539 1.58 0.0
865216.3513513514 1.58 0.0
866214.7487487488 1.58 0.0
867213.1461461461 1.58 0.0
868211.5435435436 1.58 0.0
869209.940940941 1.58 0.0
870208.3383383383 1.58 0.0
871206.7357357357 1.58 0.0
872205.1331331332 1.58 0.0
873203.5305305305 1.58 0.0
874201.9279279279 1.58 0.0
875200.3253253254 1.58 0.0
876198.7227227227 1.58 0.0
877197.1201201201 1.58 0.0
878195.5175175176 1.58 0.0
879193.9149149149 1.58 0.0
880192.3123123123 1.58 0.0
881190.7097097097 1.58 0.0
882189.1071071072 1.58 0.0
883187.5045045045 1.58 0.0
884185.9019019019 1.58 0.0
885184.2992992994 1.58 0.0
886182.6966966967 1.58 0.0
887181.0940940941 1.58 0.0
888179.4914914916 1.58 0.0
889177.8888888889 1.58 0.0
890176.2862862863 1.58 0.0
891174.6836836837 1.58 0.0
892173.0810810811 1.58 0.0
893171.4784784785 1.58 0.0
894169.8758758759 1.58 0.0
895168.2732732733 1.58 0.0
896166.6706706707 1.58 0.0
897165.0680680681 1.58 0.0
898163.4654654654 1.58 0.0
899161.8628628629 1.58 0.0
900160.2602602603 1.58 0.0
901158.6576576576 1.58 0.0
902157.0550550551 1.58 0.0
903155.4524524525 1.58 0.0
904153.8498498498 1.58 0.0
905152.2472472473 1.58 0.0
906150.6446446447 1.58 0.0
907149.042042042 1.58 0.0
908147.4394394394 1.58 0.0
909145.8368368369 1.58 0.0
910144.2342342342 1.58 0.0
911142.6316316316 1.58 0.0
912141.0290290291 1.58 0.0
913139.4264264264 1.58 0.0
914137.8238238238 1.58 0.0
915136.2212212213 1.58 0.0
916134.6186186186 1.58 0.0
917133.016016016 1.58 0.0
918131.4134134135 1.58 0.0
919129.8108108108 1.58 0.0
920128.2082082082 1.58 0.0
921126.6056056056 1.58 0.0
922125.003003003 1.58 0.0
923123.4004004004 1.58 0.0
924121.7977977978 1.58 0.0
925120.1951951953 1.58 0.0
926118.5925925926 1.58 0.0
927116.98998999 1.58 0.0
928115.3873873875 1.58 0.0
929113.7847847848 1.58 0.0
930112.1821821822 1.58 0.0
931110.5795795796 1.58 0.0
932108.976976977 1.58 0.0
933107.3743743744 1.58 0.0
934105.7717717718 1.58 0.0
935104.1691691692 1.58 0.0
936102.5665665666 1.58 0.0
937100.963963964 1.58 0.0
938099.3613613613 1.58 0.0
939097.7587587588 1.58 0.0
940096.1561561562 1.58 0.0
941094.5535535535 1.58 0.0
942092.950950951 1.58 0.0
943091.3483483484 1.58 0.0
944089.7457457457 1.58 0.0
945088.1431431432 1.58 0.0
946086.5405405406 1.58 0.0
947084.9379379379 1.58 0.0
948083.3353353353 1.58 0.0
949081.7327327328 1.58 0.0
950080.1301301301 1.58 0.0
951078.5275275275 1.58 0.0
952076.924924925 1.58 0.0
953075.3223223223 1.58 0.0
954073.7197197197 1.58 0.0
955072.1171171172 1.58 0.0
956070.5145145145 1.58 0.0
957068.9119119119 1.58 0.0
958067.3093093093 1.58 0.0
959065.7067067067 1.58 0.0
960064.1041041041 1.58 0.0
961062.5015015015 1.58 0.0
962060.8988988989 1.58 0.0
963059.2962962963 1.58 0.0
964057.6936936937 1.58 0.0
965056.0910910912 1.58 0.0
966054.4884884885 1.58 0.0
967052.8858858859 1.58 0.0
968051.2832832834 1.58 0.0
969049.6806806807 1.58 0.0
970048.0780780781 1.58 0.0
971046.4754754755 1.58 0.0
972044.8728728729 1.58 0.0
973043.2702702703 1.58 0.0
974041.6676676677 1.58 0.0
975040.065065065 1.58 0.0
976038.4624624625 1.58 0.0
977036.8598598599 1.58 0.0
978035.2572572572 1.58 0.0
979033.6546546547 1.58 0.0
980032.0520520521 1.58 0.0
981030.4494494494 1.58 0.0
982028.8468468469 1.58 0.0
983027.2442442443 1.58 0.0
984025.6416416416 1.58 0.0
985024.039039039 1.58 0.0
986022.4364364365 1.58 0.0
987020.8338338338 1.58 0.0
988019.2312312312 1.58 0.0
989017.6286286287 1.58 0.0
990016.026026026 1.58 0.0
991014.4234234234 1.58 0.0
992012.8208208209 1.58 0.0
993011.2182182182 1.58 0.0
994009.6156156156 1.58 0.0
995008.013013013 1.58 0.0
996006.4104104104 1.58 0.0
997004.8078078078 1.58 0.0
998003.2052052052 1.58 0.0
999001.6026026026 1.58 0.0
1000000.0 1.58 0.0
