2.180000000000000000e+03 3.735570642002219305e-02
2.182000000000000000e+03 3.655341087003947942e-02
2.184000000000000000e+03 3.536747954865845228e-02
2.186000000000000000e+03 4.063648755560669151e-02
2.188000000000000000e+03 3.498781123497590045e-02
2.190000000000000000e+03 3.862606668831582157e-02
2.192000000000000000e+03 3.674708314005416254e-02
2.194000000000000000e+03 3.334391946880378710e-02
2.196000000000000000e+03 3.667254737750342414e-02
2.198000000000000000e+03 3.830757691114857616e-02
2.200000000000000000e+03 3.821105075627636433e-02
2.202000000000000000e+03 4.086939737227834879e-02
2.204000000000000000e+03 3.600439577903834926e-02
2.206000000000000000e+03 3.884597165458014700e-02
2.208000000000000000e+03 3.703323268711309485e-02
2.210000000000000000e+03 3.340399387669688164e-02
2.212000000000000000e+03 3.338870741276633164e-02
2.214000000000000000e+03 2.750495710378473777e-02
2.216000000000000000e+03 2.552013551313346909e-02
2.218000000000000000e+03 2.352863530032523603e-02
2.220000000000000000e+03 2.118274269617245395e-02
2.222000000000000000e+03 2.028642099711993468e-02
2.224000000000000000e+03 2.127188291598426303e-02
2.226000000000000000e+03 2.544125567647832417e-02
2.228000000000000000e+03 3.680165466519645656e-02
2.230000000000000000e+03 4.617300375824055780e-02
2.232000000000000000e+03 4.850568541271156608e-02
2.234000000000000000e+03 4.600643216627191973e-02
2.236000000000000000e+03 4.538886191918294066e-02
2.238000000000000000e+03 4.747632953477590873e-02
2.240000000000000000e+03 4.938522616697092749e-02
2.242000000000000000e+03 4.913336354282342444e-02
2.244000000000000000e+03 5.061040061859273242e-02
2.246000000000000000e+03 5.042048913424871520e-02
2.248000000000000000e+03 5.254067637774937488e-02
2.250000000000000000e+03 5.246522755675773336e-02
2.252000000000000000e+03 4.712349750633003376e-02
2.254000000000000000e+03 4.555068205330248948e-02
2.256000000000000000e+03 4.826978052040450246e-02
2.258000000000000000e+03 4.788469027941251455e-02
2.260000000000000000e+03 4.673303334732235165e-02
2.262000000000000000e+03 4.582582950015305634e-02
2.264000000000000000e+03 4.287828525536990093e-02
2.266000000000000000e+03 4.402960168566254912e-02
2.268000000000000000e+03 4.228669020250581945e-02
2.270000000000000000e+03 4.368713725925785912e-02
2.272000000000000000e+03 4.322798792202035140e-02
2.274000000000000000e+03 4.305476091767908992e-02
2.276000000000000000e+03 4.211251985293835293e-02
2.278000000000000000e+03 4.410677952216334602e-02
2.280000000000000000e+03 4.005553808794626303e-02
2.282000000000000000e+03 4.058360050885613524e-02
2.284000000000000000e+03 4.304084637527151591e-02
2.286000000000000000e+03 3.956494742432577205e-02
2.288000000000000000e+03 3.826093295702803071e-02
2.290000000000000000e+03 3.886337880225151226e-02
2.292000000000000000e+03 4.005810377065854855e-02
2.294000000000000000e+03 4.447490873171208725e-02
2.296000000000000000e+03 4.179352049565449034e-02
2.298000000000000000e+03 4.020012168736751546e-02
2.300000000000000000e+03 4.011266143202324441e-02
