0.001000	8.848600	6.931E-03
0.001009	8.848600	7.011E-03
0.001021	8.848600	7.060E-03
0.001030	8.848600	7.142E-03
0.001042	8.848600	7.208E-03
0.001052	8.848600	7.291E-03
0.001064	8.848600	7.359E-03
0.001076	8.848599	7.444E-03
0.001086	8.848599	7.530E-03
0.001099	8.848599	7.600E-03
0.001112	8.848599	7.688E-03
0.001125	8.848599	7.759E-03
0.001138	8.848599	7.849E-03
0.001148	8.848599	7.958E-03
0.001164	8.848599	8.031E-03
0.001178	8.848598	8.124E-03
0.001191	8.848598	8.218E-03
0.001205	8.848598	8.333E-03
0.001219	8.848598	8.429E-03
0.001236	8.848598	8.527E-03
0.001250	8.848598	8.626E-03
0.001265	8.848598	8.746E-03
0.001282	8.848597	8.847E-03
0.001300	8.848597	8.949E-03
0.001315	8.848597	9.095E-03
0.001334	8.848597	9.200E-03
0.001352	8.848596	9.328E-03
0.001371	8.848596	9.458E-03
0.001390	8.848596	9.567E-03
0.001409	8.848596	9.700E-03
0.001429	8.848595	9.858E-03
0.001449	8.848595	9.995E-03
0.001469	8.848595	1.016E-02
0.001493	8.848594	1.030E-02
0.001514	8.848594	1.044E-02
0.001538	8.848594	1.061E-02
0.001563	8.848593	1.076E-02
0.001589	8.848593	1.091E-02
0.001614	8.848592	1.111E-02
0.001641	8.848592	1.129E-02
0.001667	8.848591	1.148E-02
0.001694	8.848591	1.166E-02
0.001726	8.848590	1.185E-02
0.001754	8.848589	1.207E-02
0.001786	8.848589	1.227E-02
0.001820	8.848588	1.250E-02
0.001854	8.848587	1.273E-02
0.001888	8.848586	1.297E-02
0.001923	8.848585	1.321E-02
0.001959	8.848585	1.348E-02
0.002000	8.848584	1.373E-02
0.002042	8.848582	1.399E-02
0.002085	8.848581	1.428E-02
0.002128	8.848580	1.458E-02
0.002172	8.848579	1.492E-02
0.002223	8.848577	1.523E-02
0.002275	8.848576	1.559E-02
0.002328	8.848574	1.591E-02
0.002382	8.848572	1.632E-02
0.002438	8.848570	1.670E-02
0.002501	8.848568	1.713E-02
0.002565	8.848566	1.757E-02
0.002630	8.848563	1.802E-02
0.002704	8.848560	1.848E-02
0.002780	8.848557	1.900E-02
0.002858	8.848554	1.953E-02
0.002945	8.848550	2.008E-02
0.003027	8.848546	2.074E-02
0.003126	8.848541	2.132E-02
0.003229	8.848536	2.202E-02
0.003334	8.848531	2.274E-02
0.003452	8.848524	2.348E-02
0.003573	8.848518	2.437E-02
0.003706	8.848510	2.522E-02
0.003846	8.848501	2.623E-02
0.004000	8.848491	2.721E-02
0.004168	8.848480	2.837E-02
0.004346	8.848467	2.957E-02
0.004550	8.848452	3.089E-02
0.004764	8.848435	3.234E-02
0.005000	8.848415	3.395E-02
0.005260	8.848392	3.571E-02
0.005559	8.848364	3.765E-02
0.005889	8.848330	3.979E-02
0.006250	8.848291	4.234E-02
0.006667	8.848243	4.506E-02
0.007143	8.848183	4.828E-02
0.007692	8.848109	5.197E-02
0.008340	8.848013	5.621E-02
0.009099	8.847889	6.121E-02
0.010000	8.847727	6.727E-02
0.010093	8.847710	6.804E-02
0.010209	8.847688	6.852E-02
0.010304	8.847671	6.931E-02
0.010423	8.847648	6.995E-02
0.010520	8.847630	7.076E-02
0.010642	8.847606	7.142E-02
0.010764	8.847582	7.224E-02
0.010865	8.847563	7.308E-02
0.010990	8.847537	7.375E-02
0.011117	8.847512	7.461E-02
0.011246	8.847485	7.547E-02
0.011377	8.847459	7.617E-02
0.011481	8.847437	7.723E-02
0.011641	8.847403	7.795E-02
0.011776	8.847374	7.885E-02
0.011912	8.847344	7.976E-02
0.012050	8.847314	8.087E-02
0.012189	8.847283	8.181E-02
0.012359	8.847244	8.275E-02
0.012503	8.847212	8.391E-02
0.012647	8.847178	8.488E-02
0.012824	8.847137	8.586E-02
0.013002	8.847094	8.705E-02
0.013153	8.847058	8.827E-02
0.013335	8.847013	8.929E-02
0.013521	8.846967	9.053E-02
0.013708	8.846920	9.179E-02
0.013900	8.846871	9.285E-02
0.014092	8.846821	9.436E-02
0.014290	8.846769	9.567E-02
0.014489	8.846716	9.700E-02
0.014689	8.846662	9.858E-02
0.014928	8.846596	9.995E-02
0.015135	8.846538	1.013E-01
0.015382	8.846468	1.030E-01
0.015632	8.846396	1.044E-01
0.015886	8.846321	1.061E-01
0.016145	8.846244	1.076E-01
0.016407	8.846164	1.093E-01
0.016672	8.846082	1.114E-01
0.016943	8.845997	1.132E-01
0.017259	8.845896	1.150E-01
0.017538	8.845804	1.172E-01
0.017864	8.845696	1.191E-01
0.018198	8.845583	1.213E-01
0.018536	8.845467	1.233E-01
0.018879	8.845345	1.258E-01
0.019231	8.845220	1.282E-01
0.019589	8.845089	1.309E-01
0.020000	8.844936	1.333E-01
0.020416	8.844776	1.358E-01
0.020846	8.844609	1.386E-01
0.021281	8.844436	1.415E-01
0.021725	8.844254	1.448E-01
0.022232	8.844044	1.478E-01
0.022753	8.843823	1.509E-01
0.023283	8.843591	1.545E-01
0.023821	8.843349	1.580E-01
0.024378	8.843095	1.621E-01
0.025006	8.842801	1.659E-01
0.025648	8.842491	1.701E-01
0.026302	8.842166	1.745E-01
0.027042	8.841790	1.790E-01
0.027801	8.841394	1.840E-01
0.028580	8.840974	1.891E-01
0.029446	8.840491	1.944E-01
0.030266	8.840020	2.008E-01
0.031260	8.839434	2.064E-01
0.032289	8.838809	2.132E-01
0.033344	8.838141	2.202E-01
0.034518	8.837375	2.274E-01
0.035727	8.836475	2.356E-01
0.037064	8.835449	2.441E-01
0.038462	8.834348	2.535E-01
0.040000	8.833091	2.634E-01
0.041684	8.831656	2.741E-01
0.043459	8.830103	2.860E-01
0.045496	8.828230	2.983E-01
0.047642	8.826184	3.123E-01
0.050000	8.823834	3.277E-01
0.052604	8.821129	3.448E-01
0.055586	8.817867	3.630E-01
0.058893	8.814082	3.837E-01
0.062500	8.809677	4.073E-01
0.066667	8.804337	4.337E-01
0.071429	8.797836	4.636E-01
0.076923	8.788091	4.983E-01
0.083403	8.776133	5.380E-01
0.090992	8.761392	5.845E-01
0.100000	8.743107	6.409E-01
0.101020	8.741029	6.471E-01
0.102051	8.738919	6.534E-01
0.103082	8.736776	6.598E-01
0.104156	8.734549	6.663E-01
0.105274	8.732236	6.730E-01
0.106394	8.729884	6.798E-01
0.107527	8.727494	6.867E-01
0.108696	8.725011	6.938E-01
0.109902	8.722432	7.009E-01
0.111123	8.719808	7.083E-01
0.112360	8.717139	7.159E-01
0.113636	8.714366	7.236E-01
0.114943	8.711486	7.314E-01
0.116279	8.708553	7.394E-01
0.117647	8.705507	7.476E-01
0.119048	8.702404	7.560E-01
0.120482	8.699181	7.645E-01
0.121951	8.695941	7.733E-01
0.123457	8.692637	7.822E-01
0.125000	8.689204	7.914E-01
0.126582	8.685638	8.007E-01
0.128205	8.681999	8.104E-01
0.129870	8.678217	8.201E-01
0.131579	8.674287	8.302E-01
0.133316	8.670273	8.406E-01
0.135153	8.666029	8.509E-01
0.136986	8.661691	8.618E-01
0.138908	8.657181	8.728E-01
0.140825	8.652568	8.845E-01
0.142857	8.647693	8.960E-01
0.144949	8.642623	9.078E-01
0.147059	8.637431	9.202E-01
0.149254	8.632030	9.328E-01
0.151538	8.626323	9.456E-01
0.153846	8.620473	9.589E-01
0.156250	8.614382	9.727E-01
0.158755	8.607948	9.867E-01
0.161290	8.601342	1.001E+00
0.163934	8.594362	1.016E+00
0.166639	8.587191	1.031E+00
0.169463	8.579613	1.047E+00
0.172414	8.571605	1.063E+00
0.175439	8.563363	1.080E+00
0.178571	8.554652	1.097E+00
0.181818	8.545560	1.115E+00
0.185185	8.535947	1.133E+00
0.188679	8.526995	1.152E+00
0.192308	8.517490	1.171E+00
0.196078	8.507814	1.191E+00
0.200000	8.497290	1.212E+00
0.204082	8.486470	1.233E+00
0.208333	8.474673	1.256E+00
0.212766	8.462521	1.278E+00
0.217391	8.449912	1.302E+00
0.222222	8.435660	1.327E+00
0.227273	8.420858	1.352E+00
0.232558	8.405156	1.378E+00
0.238095	8.389151	1.405E+00
0.243902	8.371979	1.434E+00
0.250000	8.352700	1.463E+00
0.256410	8.332788	1.493E+00
0.263158	8.311297	1.525E+00
0.270270	8.288448	1.557E+00
0.277778	8.264599	1.591E+00
0.285714	8.238281	1.627E+00
0.294118	8.209818	1.663E+00
0.303030	8.179843	1.701E+00
0.312500	8.147128	1.741E+00
0.322581	8.112180	1.781E+00
0.333333	8.074469	1.824E+00
0.344828	8.033791	1.868E+00
0.357143	7.989355	1.914E+00
0.370370	7.941322	1.961E+00
0.384615	7.889643	2.011E+00
0.400000	7.831158	2.064E+00
0.416667	7.768902	2.113E+00
0.434783	7.701126	2.170E+00
0.454545	7.625553	2.224E+00
0.476190	7.544423	2.280E+00
0.500000	7.455943	2.338E+00
0.526316	7.358822	2.397E+00
0.555556	7.252419	2.461E+00
0.588235	7.135674	2.519E+00
0.625000	7.007965	2.576E+00
0.666667	6.867192	2.630E+00
0.714286	6.711149	2.685E+00
0.769231	6.538143	2.733E+00
0.833333	6.346035	2.773E+00
0.909091	6.131865	2.807E+00
1.000000	5.879378	2.830E+00
1.010101	5.853423	2.828E+00
1.020408	5.827179	2.831E+00
1.030928	5.800631	2.835E+00
1.041667	5.773802	2.832E+00
1.052632	5.746661	2.835E+00
1.063830	5.719272	2.831E+00
1.075269	5.691521	2.833E+00
1.086957	5.663535	2.835E+00
1.098901	5.635201	2.830E+00
1.111111	5.606586	2.832E+00
1.123596	5.577699	2.833E+00
1.136364	5.548489	2.833E+00
1.149425	5.519027	2.827E+00
1.162791	5.489262	2.827E+00
1.176471	5.459208	2.826E+00
1.190476	5.428878	2.825E+00
1.204819	5.398286	2.824E+00
1.219512	5.367389	2.816E+00
1.234568	5.336323	2.814E+00
1.250000	5.304929	2.811E+00
1.265823	5.273172	2.808E+00
1.282051	5.241539	2.805E+00
1.298701	5.209531	2.801E+00
1.315789	5.177179	2.796E+00
1.333156	5.146161	2.792E+00
1.351534	5.116001	2.786E+00
1.369863	5.083439	2.787E+00
1.389082	5.047771	2.780E+00
1.408252	5.013994	2.774E+00
1.428571	4.979800	2.766E+00
1.449485	4.946351	2.758E+00
1.470588	4.915201	2.750E+00
1.492537	4.881015	2.747E+00
1.515381	4.844068	2.737E+00
1.538462	4.811400	2.727E+00
1.562500	4.776470	2.723E+00
1.587554	4.740422	2.711E+00
1.612903	4.704528	2.705E+00
1.639344	4.667698	2.692E+00
1.666389	4.631138	2.685E+00
1.694628	4.593558	2.671E+00
1.724138	4.555811	2.662E+00
1.754386	4.518750	2.647E+00
1.785714	4.482558	2.636E+00
1.818182	4.442443	2.625E+00
1.851852	4.403706	2.607E+00
1.886792	4.367201	2.595E+00
1.923077	4.328263	2.581E+00
1.960784	4.288766	2.567E+00
2.000000	4.248425	2.551E+00
2.040816	4.207585	2.535E+00
2.083333	4.166540	2.518E+00
2.127660	4.125763	2.500E+00
2.173913	4.084851	2.481E+00
2.222222	4.045111	2.460E+00
2.272727	4.003601	2.445E+00
2.325581	3.960586	2.423E+00
2.380952	3.917021	2.404E+00
2.439024	3.873564	2.380E+00
2.500000	3.829496	2.360E+00
2.564103	3.785136	2.333E+00
2.631579	3.741930	2.310E+00
2.702703	3.695213	2.286E+00
2.777778	3.650102	2.255E+00
2.857143	3.607096	2.228E+00
2.941176	3.563346	2.199E+00
3.030303	3.516889	2.174E+00
3.125000	3.468221	2.142E+00
3.225806	3.422465	2.110E+00
3.333333	3.374610	2.079E+00
3.448276	3.326631	2.043E+00
3.571429	3.279470	2.009E+00
3.703704	3.228984	1.973E+00
3.846154	3.179887	1.931E+00
4.000000	3.133464	1.891E+00
4.166667	3.084049	1.853E+00
4.347826	3.032401	1.809E+00
4.545455	2.983258	1.763E+00
4.761905	2.933900	1.718E+00
5.000000	2.881863	1.670E+00
5.263158	2.831974	1.617E+00
5.555556	2.781861	1.567E+00
5.882353	2.729264	1.511E+00
6.250000	2.679108	1.452E+00
6.666667	2.629097	1.393E+00
7.142857	2.577344	1.330E+00
7.692308	2.527536	1.261E+00
8.333333	2.481153	1.191E+00
9.090909	2.436760	1.120E+00
10.000000	2.399111	1.042E+00
10.519672	2.385313	1.011E+00
11.117287	2.363856	9.835E-01
11.775789	2.337241	9.501E-01
12.503126	2.312599	9.116E-01
13.335111	2.290196	8.725E-01
14.289797	2.270109	8.314E-01
15.382249	2.254575	7.921E-01
16.672224	2.236685	7.617E-01
17.259234	2.228339	7.478E-01
17.863523	2.220374	7.359E-01
18.535681	2.210869	7.241E-01
19.230769	2.200349	7.125E-01
20.000000	2.188736	6.995E-01
20.846362	2.177335	6.852E-01
21.724962	2.166254	6.727E-01
22.753129	2.153213	6.589E-01
23.820867	2.139507	6.453E-01
25.006252	2.125742	6.292E-01
26.301946	2.112811	6.135E-01
27.800945	2.099543	5.967E-01
29.446408	2.086956	5.805E-01
31.259769	2.073976	5.660E-01
33.344448	2.059773	5.505E-01
34.518467	2.052476	5.430E-01
35.727045	2.045135	5.355E-01
37.064492	2.037243	5.282E-01
38.461538	2.029224	5.209E-01
40.000000	2.020318	5.138E-01
41.684035	2.010446	5.056E-01
43.459365	2.001418	4.964E-01
45.495905	1.992287	4.873E-01
47.641734	1.983438	4.784E-01
50.000000	1.974559	4.697E-01
52.603893	1.965156	4.611E-01
55.586437	1.955736	4.506E-01
58.892815	1.948419	4.403E-01
62.500000	1.941655	4.333E-01
66.666667	1.934154	4.264E-01
71.428571	1.927412	4.205E-01
76.923077	1.919973	4.186E-01
83.402836	1.911671	4.167E-01
90.991811	1.907505	4.176E-01
100.000000	1.899131	4.383E-01
102.092905	1.895435	4.434E-01
104.231812	1.891384	4.485E-01
106.416942	1.886330	4.548E-01
108.648414	1.880545	4.600E-01
111.172874	1.874242	4.654E-01
113.765643	1.867327	4.718E-01
116.414435	1.859854	4.773E-01
119.118523	1.851943	4.839E-01
121.891760	1.842330	4.907E-01
125.031258	1.830882	4.964E-01
128.238010	1.819110	5.021E-01
131.527029	1.805539	5.079E-01
135.208221	1.790800	5.103E-01
139.004726	1.777162	5.138E-01
142.897971	1.762824	5.174E-01
146.886016	1.747333	5.209E-01
151.354624	1.729441	5.233E-01
156.323277	1.709762	5.246E-01
161.446561	1.690223	5.246E-01
166.722241	1.669053	5.258E-01
172.592337	1.643739	5.233E-01
178.635227	1.619157	5.162E-01
185.356812	1.594131	5.079E-01
192.307692	1.567492	4.975E-01
200.000000	1.542270	4.773E-01
204.164965	1.531473	4.675E-01
208.463623	1.520272	4.579E-01
212.811236	1.508821	4.465E-01
217.249620	1.499424	4.323E-01
222.321032	1.491543	4.176E-01
227.531286	1.485266	4.025E-01
232.828871	1.480747	3.880E-01
238.208671	1.477194	3.739E-01
243.783520	1.475642	3.587E-01
250.062516	1.476571	3.442E-01
256.476019	1.478232	3.317E-01
263.019463	1.481006	3.190E-01
270.416441	1.486740	3.068E-01
278.009452	1.492960	2.991E-01
285.795942	1.498932	2.916E-01
294.464075	1.505906	2.863E-01
302.663438	1.511879	2.830E-01
312.597687	1.519076	2.798E-01
322.893122	1.527225	2.791E-01
333.444481	1.535500	2.817E-01
345.184674	1.542658	2.889E-01
357.270454	1.546272	2.991E-01
370.644922	1.546670	3.103E-01
384.615385	1.544080	3.227E-01
400.000000	1.537967	3.356E-01
416.840350	1.529309	3.482E-01
434.593655	1.516402	3.629E-01
454.959054	1.499422	3.722E-01
476.417342	1.483693	3.818E-01
500.000000	1.467642	3.934E-01
501.253133	1.467249	3.943E-01
502.260171	1.467000	3.952E-01
503.524673	1.466543	3.970E-01
504.540868	1.465400	3.988E-01
505.816894	1.463349	4.007E-01
508.130081	1.460391	4.007E-01
509.424350	1.459690	4.016E-01
510.464523	1.458719	4.025E-01
511.770727	1.457713	4.035E-01
512.820513	1.456898	4.044E-01
514.138817	1.455604	4.062E-01
515.198351	1.453825	4.072E-01
516.528926	1.452188	4.081E-01
517.598344	1.450255	4.091E-01
520.020801	1.447502	4.091E-01
521.104742	1.446666	4.100E-01
522.466040	1.445486	4.110E-01
523.560209	1.444197	4.119E-01
524.934383	1.442846	4.128E-01
526.038927	1.441618	4.138E-01
527.148129	1.439563	4.157E-01
529.661017	1.435881	4.157E-01
530.785563	1.434643	4.167E-01
532.197978	1.432797	4.176E-01
533.333333	1.431240	4.176E-01
534.473544	1.429982	4.186E-01
535.905681	1.428308	4.196E-01
537.056928	1.426178	4.205E-01
539.374326	1.422820	4.205E-01
540.832883	1.421557	4.215E-01
542.005420	1.419809	4.225E-01
543.183053	1.417548	4.234E-01
544.365814	1.415276	4.234E-01
547.045952	1.412092	4.234E-01
548.245614	1.410419	4.244E-01
549.450549	1.408657	4.244E-01
550.660793	1.406786	4.254E-01
552.181115	1.404604	4.254E-01
554.631170	1.401123	4.254E-01
555.864369	1.399826	4.254E-01
557.103064	1.398169	4.264E-01
558.347292	1.396377	4.264E-01
559.910414	1.394313	4.274E-01
562.429696	1.390838	4.264E-01
563.697858	1.389417	4.274E-01
564.971751	1.387734	4.274E-01
566.251416	1.385875	4.283E-01
567.536890	1.383660	4.283E-01
570.125428	1.380029	4.283E-01
571.428571	1.378598	4.283E-01
572.737686	1.376758	4.293E-01
574.052813	1.374519	4.293E-01
576.701269	1.370751	4.293E-01
578.034682	1.369211	4.293E-01
579.374276	1.367219	4.303E-01
580.720093	1.364655	4.303E-01
583.430572	1.361083	4.293E-01
584.795322	1.359301	4.303E-01
586.166471	1.356772	4.303E-01
588.928151	1.352834	4.293E-01
590.318772	1.351233	4.293E-01
591.715976	1.349696	4.293E-01
592.768228	1.347481	4.303E-01
595.592615	1.342949	4.293E-01
597.014925	1.341074	4.293E-01
598.444045	1.338869	4.293E-01
601.322910	1.334869	4.283E-01
602.409639	1.333056	4.283E-01
603.864734	1.330870	4.283E-01
606.796117	1.326773	4.274E-01
608.272506	1.324631	4.274E-01
609.384522	1.322675	4.264E-01
610.873549	1.320901	4.264E-01
613.873542	1.317122	4.254E-01
615.006150	1.315327	4.254E-01
616.522811	1.313112	4.254E-01
619.578686	1.308540	4.244E-01
620.732464	1.306556	4.234E-01
623.830318	1.303145	4.225E-01
625.000000	1.301310	4.225E-01
626.566416	1.298872	4.225E-01
629.326621	1.294706	4.205E-01
630.914826	1.292723	4.205E-01
632.511069	1.290576	4.196E-01
635.324015	1.286576	4.186E-01
636.942675	1.284709	4.176E-01
638.162093	1.282639	4.176E-01
641.025641	1.278233	4.157E-01
642.673522	1.276473	4.148E-01
645.577792	1.272559	4.138E-01
647.249191	1.270391	4.128E-01
648.508431	1.268440	4.119E-01
651.465798	1.265082	4.100E-01
653.167864	1.263173	4.100E-01
656.167979	1.258880	4.081E-01
657.462196	1.256977	4.072E-01
660.501982	1.253631	4.053E-01
662.251656	1.251704	4.053E-01
663.570007	1.249380	4.044E-01
666.666667	1.245318	4.025E-01
668.449198	1.243348	4.016E-01
671.591672	1.239445	3.998E-01
672.947510	1.237500	3.988E-01
676.132522	1.233597	3.970E-01
677.506775	1.231631	3.961E-01
680.735194	1.227627	3.943E-01
682.128240	1.225566	3.934E-01
685.400960	1.220973	3.916E-01
687.285223	1.218762	3.898E-01
690.131125	1.215328	3.871E-01
692.041522	1.213645	3.862E-01
694.927033	1.209428	3.844E-01
696.864111	1.207465	3.826E-01
699.790063	1.203552	3.809E-01
701.262272	1.201594	3.791E-01
704.721635	1.197623	3.774E-01
706.214689	1.195603	3.757E-01
709.723208	1.191399	3.739E-01
711.237553	1.189086	3.722E-01
714.285714	1.184740	3.696E-01
716.332378	1.182458	3.680E-01
719.424460	1.178513	3.646E-01
722.543353	1.174089	3.621E-01
724.637681	1.172049	3.596E-01
727.802038	1.167947	3.571E-01
729.394602	1.165763	3.546E-01
732.600733	1.161869	3.514E-01
734.753857	1.160150	3.490E-01
738.007380	1.156338	3.466E-01
741.289844	1.151643	3.426E-01
742.942051	1.149628	3.402E-01
746.268657	1.145850	3.363E-01
749.625187	1.141428	3.325E-01
751.879699	1.139515	3.295E-01
755.287009	1.135773	3.257E-01
757.002271	1.133825	3.227E-01
760.456274	1.130583	3.183E-01
763.941940	1.126485	3.139E-01
765.696784	1.124841	3.103E-01
769.230769	1.122067	3.060E-01
772.797527	1.118262	3.012E-01
774.593338	1.116753	2.977E-01
778.210117	1.114243	2.929E-01
781.860829	1.110319	2.883E-01
783.699060	1.108999	2.837E-01
786.782061	1.107403	2.791E-01
790.513834	1.104624	2.740E-01
794.281176	1.100816	2.690E-01
796.178344	1.099603	2.641E-01
800.000000	1.098011	2.593E-01
803.212851	1.095643	2.528E-01
807.102502	1.092375	2.476E-01
809.061489	1.091270	2.420E-01
813.008130	1.090913	2.359E-01
816.326531	1.089721	2.295E-01
820.344545	1.087212	2.238E-01
822.368421	1.086723	2.177E-01
825.763832	1.087993	2.112E-01
829.875519	1.087926	2.055E-01
834.028357	1.087480	1.990E-01
837.520938	1.086163	1.927E-01
839.630563	1.086474	1.865E-01
843.170320	1.089062	1.802E-01
847.457627	1.090622	1.741E-01
851.063830	1.092339	1.678E-01
855.431993	1.094339	1.621E-01
859.106529	1.096068	1.570E-01
862.812770	1.096584	1.520E-01
865.051903	1.097503	1.472E-01
868.809731	1.100705	1.422E-01
872.600349	1.103057	1.370E-01
877.192982	1.105361	1.321E-01
881.057269	1.107674	1.270E-01
884.955752	1.110334	1.218E-01
888.888889	1.113289	1.172E-01
893.655049	1.116059	1.129E-01
897.666068	1.118841	1.083E-01
901.713255	1.122010	1.039E-01
905.797101	1.125466	9.995E-02
909.918107	1.128640	9.678E-02
914.076782	1.131445	9.328E-02
918.273646	1.134419	8.970E-02
922.509225	1.137372	8.646E-02
926.784059	1.140345	8.294E-02
931.098696	1.143601	7.958E-02
935.453695	1.146959	7.652E-02
939.849624	1.150368	7.359E-02
944.287063	1.153843	7.092E-02
948.766603	1.157248	6.852E-02
952.380952	1.160584	6.619E-02
956.937799	1.163960	6.394E-02
961.538462	1.167354	6.191E-02
966.183575	1.170827	5.995E-02
970.873786	1.174182	5.845E-02
974.658869	1.178360	5.634E-02
979.431929	1.180893	5.805E-02
986.193294	1.183900	5.380E-02
991.080278	1.187365	5.270E-02
995.024876	1.190334	5.174E-02
1000.000000	1.193164	5.079E-02
1004.621258	1.195932	4.998E-02
1009.285426	1.198600	4.929E-02
1016.260163	1.202228	4.851E-02
1020.929045	1.204471	4.784E-02
1025.641026	1.206729	4.718E-02
1030.396703	1.208909	4.664E-02
1035.089535	1.211068	4.600E-02
1042.318115	1.214136	4.537E-02
1047.120419	1.216115	4.475E-02
1051.967179	1.218113	4.434E-02
1059.209829	1.220909	4.373E-02
1064.169416	1.222699	4.333E-02
1069.061364	1.224439	4.293E-02
1076.426265	1.226967	4.234E-02
1081.431816	1.228589	4.196E-02
1086.484137	1.230259	4.148E-02
1093.972213	1.232659	4.110E-02
1099.021871	1.234142	4.072E-02
1104.118361	1.235657	4.035E-02
1111.728738	1.237862	3.988E-02
1116.819299	1.239322	3.952E-02
1124.606388	1.241424	3.916E-02
1129.815840	1.242789	3.880E-02
1137.656428	1.244791	3.844E-02
1142.857143	1.246095	3.809E-02
1148.105626	1.247433	3.783E-02
1156.069364	1.249353	3.748E-02
1164.144354	1.251193	3.714E-02
1169.453865	1.252405	3.688E-02
1177.578898	1.254220	3.654E-02
1183.011948	1.255384	3.637E-02
1191.185229	1.257072	3.604E-02
1196.744854	1.258240	3.579E-02
1204.964454	1.259903	3.563E-02
1213.444970	1.261488	3.530E-02
1218.917601	1.262564	3.514E-02
1227.445686	1.264125	3.490E-02
1235.941169	1.265652	3.466E-02
1241.619071	1.266657	3.450E-02
1250.312578	1.268163	3.426E-02
1258.970162	1.269613	3.410E-02
1264.702163	1.270543	3.395E-02
1273.560876	1.271952	3.371E-02
1282.380097	1.273363	3.348E-02
1291.155584	1.274794	3.325E-02
1300.221038	1.276220	3.310E-02
1306.165099	1.277123	3.302E-02
1315.270288	1.278508	3.279E-02
1324.327904	1.279895	3.272E-02
1333.511135	1.281248	3.257E-02
1342.822613	1.282606	3.249E-02
1352.082207	1.283912	3.242E-02
1361.470388	1.285242	3.227E-02
1370.801919	1.286624	3.220E-02
1380.452789	1.287944	3.220E-02
1390.047262	1.289296	3.205E-02
1399.580126	1.290696	3.205E-02
1409.244645	1.292093	3.197E-02
1419.043565	1.293609	3.190E-02
1428.979708	1.295193	3.197E-02
1438.848921	1.296751	3.212E-02
1448.855404	1.298382	3.220E-02
1458.789205	1.300125	3.242E-02
1468.860165	1.301901	3.272E-02
1482.579689	1.304521	3.310E-02
1492.760113	1.306716	3.371E-02
1503.081317	1.309021	3.450E-02
1513.546239	1.311404	3.563E-02
1527.650474	1.314837	3.731E-02
1538.224888	1.317726	3.925E-02
1548.706830	1.320468	4.176E-02
1563.232765	1.325038	4.485E-02
1574.059499	1.329242	4.952E-02
1588.562351	1.335754	5.699E-02
1599.488164	1.339863	6.947E-02
1614.465612	1.341605	8.786E-02
1625.487646	1.330121	1.172E-01
1640.689089	1.295314	1.309E-01
1652.073352	1.268459	1.250E-01
1667.222407	1.242862	1.069E-01
1678.697331	1.231892	8.646E-02
1694.340901	1.229289	6.220E-02
1709.986320	1.234896	4.323E-02
1725.923369	1.242239	3.295E-02
1737.921446	1.248370	2.482E-02
1753.770607	1.256584	2.031E-02
1770.224819	1.262994	1.659E-02
1786.352269	1.268802	1.418E-02
1803.101334	1.273883	1.258E-02
1819.836215	1.278291	1.158E-02
1836.547291	1.282194	1.078E-02
1853.568119	1.285729	1.030E-02
1870.557426	1.289015	9.881E-03
1887.861053	1.292117	9.790E-03
1905.487805	1.294933	9.904E-03
1923.076923	1.297550	1.011E-02
1940.993789	1.299910	1.061E-02
1958.863859	1.301965	1.111E-02
1981.375074	1.304258	1.180E-02
2000.000000	1.305885	1.241E-02
2018.163471	1.307228	1.312E-02
2041.649653	1.308720	1.370E-02
2060.581084	1.309721	1.441E-02
2084.636231	1.310657	1.499E-02
2103.934357	1.311148	1.552E-02
2128.112364	1.311451	1.570E-02
2152.852530	1.311588	1.548E-02
2172.496198	1.311785	1.472E-02
2197.802198	1.312483	1.361E-02
2223.210316	1.313587	1.238E-02
2249.212776	1.314920	1.140E-02
2275.312856	1.316398	1.030E-02
2301.495972	1.318113	9.307E-03
2328.288708	1.319948	8.449E-03
2355.157796	1.321906	7.600E-03
2382.086708	1.323997	6.883E-03
2409.638554	1.326183	6.220E-03
2437.835202	1.328504	5.621E-03
2471.576866	1.331403	5.067E-03
2500.625156	1.333929	4.600E-03
2529.084471	1.336658	4.157E-03
2564.760195	1.340174	3.800E-03
2600.104004	1.343958	3.530E-03
2630.194634	1.347393	3.402E-03
2666.666667	1.351891	3.402E-03
2704.164413	1.356937	3.596E-03
2741.228070	1.362546	4.234E-03
2780.094523	1.368863	5.150E-03
2818.489290	1.376092	6.789E-03
2857.959417	1.384213	9.393E-03
2897.710808	1.393260	1.321E-02
2944.640754	1.404875	1.949E-02
2985.074627	1.417064	2.611E-02
3026.634383	1.432585	3.688E-02
3075.976623	1.449409	6.106E-02
3125.976868	1.461522	9.243E-02
3176.620076	1.466753	1.348E-01
3228.931224	1.452013	1.918E-01
3280.839895	1.411876	2.398E-01
3334.444815	1.352917	2.721E-01
3350.083752	1.334533	2.721E-01
3356.831151	1.326310	2.759E-01
3372.681282	1.307891	2.785E-01
3380.662610	1.297762	2.817E-01
3388.681803	1.285942	2.824E-01
3403.675970	1.263935	2.804E-01
3411.804845	1.252073	2.798E-01
3419.972640	1.240033	2.759E-01
3428.179637	1.229654	2.715E-01
3443.526171	1.208002	2.647E-01
3451.846738	1.195889	2.581E-01
3459.010723	1.185419	2.493E-01
3467.406380	1.178446	2.392E-01
3483.106931	1.162372	2.290E-01
3491.620112	1.152284	2.182E-01
3498.950315	1.145545	2.060E-01
3507.541214	1.142386	1.940E-01
3523.608175	1.133346	1.798E-01
3532.320735	1.127523	1.670E-01
3539.823009	1.125351	1.541E-01
3548.616040	1.125532	1.422E-01
3556.187767	1.128413	1.312E-01
3572.704537	1.129478	1.210E-01
3580.379520	1.127558	1.119E-01
3589.375449	1.127959	1.020E-01
3597.122302	1.130913	9.285E-02
3614.022407	1.132778	8.352E-02
3621.876132	1.131711	7.444E-02
3631.082062	1.132860	6.483E-02
3639.010189	1.136183	5.480E-02
3646.973012	1.142068	4.622E-02
3664.345914	1.149520	3.800E-02
3672.420125	1.152876	2.817E-02
3681.885125	1.160993	2.050E-02
3690.036900	1.168874	1.861E-02
3698.224852	1.174582	1.640E-02
3706.449222	1.179962	1.451E-02
3724.394786	1.188087	1.270E-02
3732.736096	1.191390	1.049E-02
3741.114852	1.195340	8.547E-03
3749.531309	1.199289	7.325E-03
3757.985720	1.202951	6.278E-03
3766.478343	1.206519	5.368E-03
3775.009438	1.209954	4.828E-03
3793.626707	1.215699	4.363E-03
3802.281369	1.218078	4.016E-03
3810.975610	1.220535	3.302E-03
3819.709702	1.223082	2.977E-03
3828.483920	1.225483	2.703E-03
3837.298542	1.227769	2.575E-03
3855.050116	1.231834	2.476E-03
3863.987635	1.233679	2.425E-03
3872.966692	1.235426	2.387E-03
3881.987578	1.237089	2.338E-03
3891.050584	1.238670	2.311E-03
3900.156006	1.240167	2.269E-03
3916.960439	1.243014	2.142E-03
3935.458481	1.245672	2.069E-03
3954.132068	1.248127	2.017E-03
3971.405878	1.250383	1.990E-03
3980.891720	1.251445	1.953E-03
4000.000000	1.253465	1.900E-03
4017.677782	1.255347	1.810E-03
4037.141704	1.257102	1.709E-03
4045.307443	1.257969	1.580E-03
4065.040650	1.259683	1.472E-03
4083.299306	1.261297	1.348E-03
4101.722724	1.262824	1.250E-03
4111.842105	1.263577	1.150E-03
4130.524577	1.265059	1.071E-03
4149.377593	1.266450	9.904E-04
4168.403501	1.267787	9.095E-04
4187.604690	1.269059	8.488E-04
4198.152813	1.269682	7.921E-04
4217.629692	1.270902	7.427E-04
4237.288136	1.272062	6.852E-04
4255.319149	1.273184	6.365E-04
4275.331338	1.274257	5.995E-04
4295.532646	1.275295	5.430E-04
4315.925766	1.276305	5.114E-04
4325.259516	1.276797	4.918E-04
4345.936549	1.277755	4.686E-04
4364.906155	1.278675	4.506E-04
4385.964912	1.279561	4.293E-04
4405.286344	1.280421	4.081E-04
4426.737494	1.281256	3.898E-04
4446.420631	1.282064	3.739E-04
4466.279589	1.282852	3.571E-04
4488.330341	1.283619	3.458E-04
4508.566276	1.284365	3.410E-04
4528.985507	1.285087	3.387E-04
4549.590537	1.285790	3.379E-04
4570.383912	1.286474	3.395E-04
4591.368228	1.287139	3.434E-04
4612.546125	1.287787	3.506E-04
4633.920297	1.288418	3.587E-04
4655.493482	1.289033	3.705E-04
4677.268475	1.289634	3.826E-04
4699.248120	1.290221	3.970E-04
4721.435316	1.290795	4.176E-04
4741.583689	1.291353	4.403E-04
4764.173416	1.291899	4.643E-04
4786.979416	1.292438	4.884E-04
4807.692308	1.292966	5.294E-04
4830.917874	1.293476	5.725E-04
4852.013586	1.293973	6.206E-04
4875.670405	1.294457	6.742E-04
4897.159647	1.294919	7.392E-04
4930.966469	1.295606	8.050E-04
4955.401388	1.296066	8.888E-04
4977.600796	1.296499	9.904E-04
5000.000000	1.296913	1.101E-03
5022.601708	1.297292	1.250E-03
5045.408678	1.297607	1.402E-03
5081.300813	1.298051	1.548E-03
5104.645227	1.298308	1.717E-03
5128.205128	1.298472	1.848E-03
5151.983514	1.298590	1.909E-03
5175.983437	1.298681	1.922E-03
5211.047421	1.298793	1.827E-03
5235.602094	1.298791	1.678E-03
5260.389269	1.298998	1.161E-03
5296.610169	1.299545	9.221E-04
5321.979776	1.299860	7.224E-04
5344.735436	1.300214	5.209E-04
5370.569280	1.300633	3.205E-04
5408.328826	1.301291	1.861E-04
5431.830527	1.301709	1.552E-04
5470.459519	1.302269	1.418E-04
5494.505495	1.302616	1.380E-04
5521.811154	1.302947	1.371E-04
5558.643691	1.303418	1.359E-04
5583.472920	1.303718	1.330E-04
5624.296963	1.304155	1.219E-04
5649.717514	1.304442	1.120E-04
5675.368899	1.304727	1.051E-04
5714.285714	1.305142	1.000E-04
5740.528129	1.305413	9.510E-05
5780.346821	1.305809	8.900E-05
5807.200929	1.306070	8.410E-05
5847.953216	1.306453	8.050E-05
5889.281508	1.306829	7.743E-05
5917.159763	1.307073	7.601E-05
5955.926147	1.307435	7.495E-05
5984.440455	1.307672	7.404E-05
6024.096386	1.308021	7.398E-05
6067.961165	1.308341	7.591E-05
6093.845216	1.308548	7.903E-05
6138.735421	1.308855	8.096E-05
6165.228113	1.309055	8.310E-05
6207.324643	1.309352	8.804E-05
6250.000000	1.309642	9.347E-05
6293.266205	1.309928	9.940E-05
6325.110689	1.310114	1.071E-04
6369.426752	1.310387	1.140E-04
6410.256410	1.310659	1.240E-04
6455.777921	1.310923	1.348E-04
6485.084306	1.311097	1.441E-04
6531.678641	1.311352	1.602E-04
6574.621959	1.311604	1.741E-04
6622.516556	1.311852	1.958E-04
6666.666667	1.312093	2.248E-04
6715.916723	1.312318	2.659E-04
6761.325220	1.312525	3.018E-04
6807.351940	1.312715	3.387E-04
6854.009596	1.312888	3.604E-04
6901.311249	1.313055	3.637E-04
6949.270327	1.313220	3.629E-04
6997.900630	1.313373	3.538E-04
7047.216350	1.313518	3.197E-04
7097.232079	1.313671	2.540E-04
7142.857143	1.313871	1.530E-04
7194.244604	1.314104	1.060E-04
7246.376812	1.314329	7.802E-05
7293.946025	1.314547	5.804E-05
7347.538575	1.314760	4.505E-05
7412.898443	1.315031	4.047E-05
7462.686567	1.315228	2.849E-05
7518.796992	1.315425	2.251E-05
7570.022710	1.315618	1.912E-05
7639.419404	1.315868	1.639E-05
7692.307692	1.316052	1.400E-05
7745.933385	1.316233	1.221E-05
7818.608288	1.316470	1.139E-05
7867.820614	1.316645	1.090E-05
7942.811755	1.316873	1.079E-05
8000.000000	1.317042	1.100E-05
8071.025020	1.317263	1.139E-05
8130.081301	1.317427	1.160E-05
8203.445447	1.317641	1.179E-05
8257.638315	1.317799	1.191E-05
8340.283570	1.318008	1.199E-05
8396.305626	1.318162	1.181E-05
8474.576271	1.318366	1.160E-05
8554.319932	1.318566	1.120E-05
8628.127696	1.318763	1.069E-05
8688.097307	1.318909	9.306E-06
8771.929825	1.319103	5.951E-06
8849.557522	1.319296	3.869E-06
8936.550492	1.319488	2.628E-06
9017.132552	1.319678	2.038E-06
9099.181074	1.319865	1.708E-06
9182.736455	1.320051	1.499E-06
9267.840593	1.320233	1.329E-06
9354.536950	1.320416	1.259E-06
9442.870633	1.320596	1.299E-06
9523.809524	1.320775	1.419E-06
9615.384615	1.320952	1.690E-06
9708.737864	1.321128	2.001E-06
9794.319295	1.321303	2.352E-06
9910.802775	1.321521	2.688E-06
10000.000000	1.321695	3.000E-06
10046.212578	1.321780	3.131E-06
10092.854259	1.321866	3.253E-06
10162.601626	1.321994	3.336E-06
10209.290454	1.322080	3.418E-06
10256.410256	1.322165	3.480E-06
10303.967027	1.322249	3.502E-06
10350.895352	1.322333	3.464E-06
10423.181155	1.322462	3.358E-06
10471.204188	1.322546	3.190E-06
10519.671786	1.322630	2.932E-06
10592.098295	1.322757	2.557E-06
10641.694158	1.322842	2.169E-06
10690.613641	1.322926	1.771E-06
10764.262648	1.323054	1.368E-06
10814.318157	1.323138	1.060E-06
10864.841373	1.323222	8.304E-07
10939.722131	1.323351	6.696E-07
10990.218705	1.323434	5.699E-07
11041.183615	1.323520	5.150E-07
11117.287382	1.323648	4.862E-07
11168.192986	1.323732	4.622E-07
11246.063878	1.323859	4.403E-07
11298.158400	1.323946	4.234E-07
11376.564278	1.324074	4.053E-07
11428.571429	1.324159	3.907E-07
11481.056257	1.324244	3.748E-07
11560.693642	1.324373	3.546E-07
11641.443539	1.324502	3.348E-07
11694.538650	1.324590	3.153E-07
11775.788978	1.324718	2.929E-07
11830.119484	1.324805	2.690E-07
11911.852293	1.324937	2.459E-07
11967.448540	1.325025	2.243E-07
12049.644535	1.325157	2.041E-07
12134.449703	1.325290	1.819E-07
12189.176012	1.325379	1.621E-07
12274.456855	1.325512	1.448E-07
12359.411692	1.325648	1.330E-07
12416.190713	1.325739	1.270E-07
12503.125781	1.325874	1.250E-07
12589.701624	1.326012	1.258E-07
12647.021626	1.326104	1.282E-07
12735.608762	1.326244	1.339E-07
12823.800975	1.326382	1.409E-07
12911.555842	1.326524	1.478E-07
13002.210376	1.326667	1.527E-07
13061.650993	1.326764	1.570E-07
13152.702880	1.326909	1.580E-07
13243.279036	1.327055	1.580E-07
13335.111348	1.327201	1.559E-07
13428.226131	1.327350	1.530E-07
13520.822066	1.327502	1.458E-07
13614.703880	1.327652	1.348E-07
13708.019191	1.327808	1.150E-07
13804.527885	1.327963	9.137E-08
13900.472616	1.328120	7.291E-08
13995.801260	1.328279	5.995E-08
14092.446449	1.328440	4.998E-08
14190.435646	1.328603	4.100E-08
14289.797085	1.328769	3.348E-08
14388.489209	1.328938	2.963E-08
14488.554042	1.329106	2.653E-08
14587.892050	1.329278	2.471E-08
14688.601645	1.329452	2.300E-08
14825.796887	1.329690	2.177E-08
14927.601134	1.329869	2.098E-08
15030.813167	1.330052	2.031E-08
15135.462388	1.330238	1.940E-08
15276.504736	1.330490	1.777E-08
15382.248885	1.330683	1.674E-08
15487.068298	1.330877	1.606E-08
15632.327654	1.331144	1.570E-08
15740.594994	1.331345	1.552E-08
15885.623511	1.331619	1.502E-08
15994.881638	1.331826	1.472E-08
16144.656119	1.332106	1.399E-08
16254.876463	1.332317	1.330E-08
16406.890894	1.332598	1.238E-08
16520.733521	1.332813	1.132E-08
16672.224075	1.333100	9.634E-09
16786.973309	1.333316	7.723E-09
16943.409014	1.333609	6.365E-09
17099.863201	1.333902	5.221E-09
17259.233690	1.334200	4.434E-09
17379.214460	1.334425	3.844E-09
17537.706068	1.334729	3.434E-09
17702.248186	1.335035	3.132E-09
17863.522687	1.335344	2.869E-09
18031.013343	1.335656	2.659E-09
18198.362147	1.335972	2.442E-09
18365.472911	1.336292	2.269E-09
18535.681186	1.336615	2.098E-09
18705.574261	1.336943	1.887E-09
18878.610534	1.337273	1.757E-09
19054.878049	1.337607	1.640E-09
19230.769231	1.337944	1.570E-09
19409.937888	1.338288	1.461E-09
19588.638590	1.338635	1.267E-09
19813.750743	1.339073	1.078E-09
20000.000000	1.339430	9.243E-10
20181.634712	1.339791	7.849E-10
20416.496529	1.340248	7.342E-10
20605.810839	1.340620	7.158E-10
20846.362310	1.341093	7.092E-10
21039.343572	1.341475	7.011E-10
21281.123643	1.341961	7.291E-10
21528.525296	1.342455	7.495E-10
21724.961981	1.342858	7.600E-10
21978.021978	1.343368	7.795E-10
22232.103157	1.343889	8.087E-10
22492.127755	1.344418	8.685E-10
22753.128555	1.344956	9.393E-10
23014.959724	1.345505	1.018E-09
23282.887078	1.346066	1.088E-09
23551.577956	1.346636	1.169E-09
23820.867080	1.347219	1.258E-09
24096.385542	1.347811	1.339E-09
24378.352023	1.348417	1.422E-09
24715.768660	1.349159	1.489E-09
25006.251563	1.349793	1.580E-09
25290.844714	1.350438	1.663E-09
25647.601949	1.351231	1.761E-09
26001.040042	1.352046	1.840E-09
26301.946344	1.352740	1.940E-09
26666.666667	1.353594	2.031E-09
27041.644132	1.354470	2.117E-09
27412.280702	1.355370	2.217E-09
27800.945232	1.356295	2.316E-09
28184.892897	1.357247	2.420E-09
28579.594170	1.358224	2.528E-09
28977.108085	1.359231	2.653E-09
29446.407538	1.360441	2.766E-09
29850.746269	1.361513	2.883E-09
30266.343826	1.362616	2.984E-09
30759.766226	1.363990	3.082E-09
31259.768678	1.365376	3.190E-09
31766.200762	1.366812	3.325E-09
32289.312238	1.368287	3.546E-09
32808.398950	1.369839	3.826E-09
33344.448149	1.371437	4.148E-09
33886.818028	1.373098	4.403E-09
34518.467380	1.375086	4.795E-09
35075.412136	1.376902	5.405E-09
35727.045373	1.379072	5.791E-09
36390.101892	1.381341	6.292E-09
37064.492216	1.383726	6.852E-09
37750.094375	1.386239	7.444E-09
38461.538462	1.388881	7.994E-09
39169.604387	1.391674	8.606E-09
40000.000000	1.394993	9.307E-09
40832.993058	1.398535	9.904E-09
41684.035015	1.402321	1.049E-08
42553.191489	1.406358	1.071E-08
43459.365493	1.410702	1.101E-08
44464.206314	1.415921	1.158E-08
45495.905369	1.421603	1.270E-08
46554.934823	1.427828	1.999E-08
47641.734159	1.434685	3.844E-08
48756.704047	1.442296	6.711E-08
50000.000000	1.451724	1.101E-07
51282.051282	1.462543	1.850E-07
52603.892688	1.475183	3.622E-07
54083.288264	1.491881	1.250E-06
55586.436909	1.513343	5.995E-05
57142.857143	1.543062	8.391E-04
57405.281286	1.549412	1.182E-03
58072.009292	1.568183	2.004E-03
58892.815077	1.605555	3.998E-03
59559.261465	1.635062	3.998E-02
60240.963855	1.647245	7.241E-02
60938.452163	1.653100	1.039E-01
61652.281134	1.652917	1.351E-01
62500.000000	1.650184	1.670E-01
63251.106894	1.641473	2.022E-01
64102.564103	1.620422	2.338E-01
64850.843061	1.596861	2.581E-01
65746.219592	1.559942	2.772E-01
66666.666667	1.521276	2.772E-01
67613.252197	1.489551	2.641E-01
68540.095956	1.469275	2.409E-01
69492.703266	1.460977	2.167E-01
70472.163495	1.461485	1.927E-01
71428.571429	1.471129	1.678E-01
72463.768116	1.496271	1.422E-01
73475.385746	1.536403	1.333E-01
74626.865672	1.586268	1.489E-01
75700.227101	1.619420	1.870E-01
76923.076923	1.633849	2.392E-01
78186.082877	1.626822	2.876E-01
79428.117554	1.606068	3.220E-01
80710.250202	1.584638	3.387E-01
82034.454471	1.570304	3.490E-01
83402.835696	1.560870	3.596E-01
84745.762712	1.553435	3.705E-01
86281.276963	1.548070	3.826E-01
87719.298246	1.543211	3.988E-01
89365.504915	1.535363	4.148E-01
90991.810737	1.528933	4.303E-01
92678.405931	1.523589	4.485E-01
94428.706327	1.516305	4.707E-01
96153.846154	1.506677	4.929E-01
97943.192948	1.493473	5.185E-01
100000.000000	1.476628	5.430E-01
102092.904543	1.455868	5.752E-01
104231.811549	1.425425	6.050E-01
106416.941577	1.387639	6.292E-01
108648.413733	1.346760	6.439E-01
111172.873819	1.302663	6.528E-01
113765.642776	1.259495	6.573E-01
116414.435390	1.214969	6.573E-01
119118.522930	1.173382	6.453E-01
121891.760117	1.140628	6.292E-01
125031.257814	1.111682	6.135E-01
128238.009746	1.087685	5.981E-01
131527.028804	1.068724	5.859E-01
135208.220660	1.049744	5.805E-01
139004.726161	1.020921	5.859E-01
142897.970849	0.981692	5.791E-01
146886.016451	0.941801	5.634E-01
151354.623884	0.903527	5.355E-01
156323.276536	0.866994	5.033E-01
161446.561188	0.840575	4.558E-01
166722.240747	0.830901	4.119E-01
172592.336900	0.831628	3.739E-01
178635.226867	0.835295	3.498E-01
185356.811863	0.835240	3.310E-01
192307.692308	0.830957	3.153E-01
200000.000000	0.820742	2.998E-01
208463.623098	0.805579	2.766E-01
217249.619813	0.797007	2.414E-01
227531.285552	0.797737	2.088E-01
238208.670796	0.802291	1.798E-01
250062.515629	0.809997	1.534E-01
263019.463440	0.819753	1.303E-01
278009.452321	0.830720	1.093E-01
294464.075383	0.842171	9.074E-02
312597.686777	0.854141	7.461E-02
333444.481494	0.866493	6.064E-02
357270.453733	0.878766	4.851E-02
384615.384615	0.890837	3.818E-02
416840.350146	0.902694	2.950E-02
454959.053685	0.913973	2.227E-02
500000.000000	0.924583	1.636E-02
555864.369094	0.934744	1.164E-02
625000.000000	0.944124	7.958E-03
714285.714286	0.952792	5.174E-03
769230.769231	0.956954	4.072E-03
834028.356964	0.960953	3.146E-03
909918.107370	0.964778	2.370E-03
1000000.000000	0.968416	1.745E-03
