2.180000000000000000e+03 1.570012571508371813e-01
2.182000000000000000e+03 1.544603944774302906e-01
2.184000000000000000e+03 1.602813708648898328e-01
2.186000000000000000e+03 1.673356148579054348e-01
2.188000000000000000e+03 1.589034921962651226e-01
2.190000000000000000e+03 1.612796555824135003e-01
2.192000000000000000e+03 1.643785244116699185e-01
2.194000000000000000e+03 1.604145057907336858e-01
2.196000000000000000e+03 1.681546704789984581e-01
2.198000000000000000e+03 1.749624904652155033e-01
2.200000000000000000e+03 1.705350425550098137e-01
2.202000000000000000e+03 1.810209063126520246e-01
2.204000000000000000e+03 1.772490019347323920e-01
2.206000000000000000e+03 1.836882419088392004e-01
2.208000000000000000e+03 2.062402149812521401e-01
2.210000000000000000e+03 2.080682917280811950e-01
2.212000000000000000e+03 2.224084815129173387e-01
2.214000000000000000e+03 2.442913158791513994e-01
2.216000000000000000e+03 2.733787064003772027e-01
2.218000000000000000e+03 3.178311635090849685e-01
2.220000000000000000e+03 3.715830111299928129e-01
2.222000000000000000e+03 4.371670261763155874e-01
2.224000000000000000e+03 5.157324807576426640e-01
2.226000000000000000e+03 5.506287312401959566e-01
2.228000000000000000e+03 5.441660090677269412e-01
2.230000000000000000e+03 4.676948289266786296e-01
2.232000000000000000e+03 3.888143730262934583e-01
2.234000000000000000e+03 2.675061463455285504e-01
2.236000000000000000e+03 1.855341363851930325e-01
2.238000000000000000e+03 1.152841404338393744e-01
2.240000000000000000e+03 6.921898501455370223e-02
2.242000000000000000e+03 3.759856890149006897e-02
2.244000000000000000e+03 2.792305822540728719e-02
2.246000000000000000e+03 2.624343526228502949e-02
2.248000000000000000e+03 2.997363747171603171e-02
2.250000000000000000e+03 3.425820542685689696e-02
2.252000000000000000e+03 4.337907435539830464e-02
2.254000000000000000e+03 4.945241056141490288e-02
2.256000000000000000e+03 5.576984779739017906e-02
2.258000000000000000e+03 6.147770368780305222e-02
2.260000000000000000e+03 7.064961139953876423e-02
2.262000000000000000e+03 7.887306923341051712e-02
2.264000000000000000e+03 7.521180244094577416e-02
2.266000000000000000e+03 8.383607795510338023e-02
2.268000000000000000e+03 8.787428044654510551e-02
2.270000000000000000e+03 8.366440791085801021e-02
2.272000000000000000e+03 9.338702950661335878e-02
2.274000000000000000e+03 9.055535021727638412e-02
2.276000000000000000e+03 9.545540860676540729e-02
2.278000000000000000e+03 9.649790868933337540e-02
2.280000000000000000e+03 9.643584632107332633e-02
2.282000000000000000e+03 1.009736190091528735e-01
2.284000000000000000e+03 1.029583176058713467e-01
2.286000000000000000e+03 1.063181733220858877e-01
2.288000000000000000e+03 1.088405931534521948e-01
2.290000000000000000e+03 1.012691333999517496e-01
2.292000000000000000e+03 1.030543839338158851e-01
2.294000000000000000e+03 1.107385759268155745e-01
2.296000000000000000e+03 1.050869528853093232e-01
2.298000000000000000e+03 1.040692795512871832e-01
2.300000000000000000e+03 1.130150692845665605e-01
