2.180000000000000000e+03 2.759727766377190195e-01
2.182000000000000000e+03 2.892120402424444014e-01
2.184000000000000000e+03 2.884128107917237616e-01
2.186000000000000000e+03 2.889249935750211606e-01
2.188000000000000000e+03 2.842213912943359899e-01
2.190000000000000000e+03 2.978532463016161369e-01
2.192000000000000000e+03 2.996357179746552690e-01
2.194000000000000000e+03 2.955689582335436216e-01
2.196000000000000000e+03 3.059152929389495901e-01
2.198000000000000000e+03 3.075998309601513103e-01
2.200000000000000000e+03 3.071216438630445245e-01
2.202000000000000000e+03 3.135438708431811938e-01
2.204000000000000000e+03 3.307705863344450603e-01
2.206000000000000000e+03 3.375879801117106505e-01
2.208000000000000000e+03 3.599194141854033524e-01
2.210000000000000000e+03 3.781432339170921475e-01
2.212000000000000000e+03 4.101244281279219916e-01
2.214000000000000000e+03 4.492962893425668236e-01
2.216000000000000000e+03 4.996378608487395678e-01
2.218000000000000000e+03 5.612361743445621887e-01
2.220000000000000000e+03 6.716049031149280424e-01
2.222000000000000000e+03 7.794512505244720613e-01
2.224000000000000000e+03 8.902551944653172011e-01
2.226000000000000000e+03 1.000000000000000000e+00
2.228000000000000000e+03 9.565644070045646874e-01
2.230000000000000000e+03 8.216477214245392346e-01
2.232000000000000000e+03 6.051224618050278226e-01
2.234000000000000000e+03 4.113976650213675978e-01
2.236000000000000000e+03 2.543889795969310752e-01
2.238000000000000000e+03 1.571094837159252577e-01
2.240000000000000000e+03 9.282168572288905517e-02
2.242000000000000000e+03 6.141354894343979687e-02
2.244000000000000000e+03 5.046874862866546074e-02
2.246000000000000000e+03 5.078552893128640555e-02
2.248000000000000000e+03 6.173714823713902927e-02
2.250000000000000000e+03 6.969645040530492164e-02
2.252000000000000000e+03 8.651139305794162959e-02
2.254000000000000000e+03 9.974258839100819118e-02
2.256000000000000000e+03 1.062133819895687281e-01
2.258000000000000000e+03 1.256238233481754007e-01
2.260000000000000000e+03 1.334377552276396761e-01
2.262000000000000000e+03 1.360719549415308760e-01
2.264000000000000000e+03 1.479452792786572490e-01
2.266000000000000000e+03 1.464566582187668831e-01
2.268000000000000000e+03 1.461797111157119577e-01
2.270000000000000000e+03 1.553974503711432753e-01
2.272000000000000000e+03 1.560263330029134088e-01
2.274000000000000000e+03 1.627934039842455771e-01
2.276000000000000000e+03 1.683803644753683604e-01
2.278000000000000000e+03 1.800714740002831993e-01
2.280000000000000000e+03 1.833703975292839683e-01
2.282000000000000000e+03 1.775886579043535751e-01
2.284000000000000000e+03 1.866269578402124929e-01
2.286000000000000000e+03 1.768795560054231830e-01
2.288000000000000000e+03 1.786045821707896997e-01
2.290000000000000000e+03 1.867921486295282263e-01
2.292000000000000000e+03 1.838732546089630326e-01
2.294000000000000000e+03 1.880209072343448917e-01
2.296000000000000000e+03 1.855106651131255280e-01
2.298000000000000000e+03 1.865336035109627644e-01
2.300000000000000000e+03 1.938983868910225672e-01
