2.800000000000000000e+03 4.671154601737040335e-02 1.535342168863734758e-01 1.667816927481830191e+00
2.805000000000000000e+03 8.120549328795924338e-02 2.998725487188376726e-01 1.236423830657624512e+00
2.810000000000000000e+03 1.373772115391687365e-01 -1.596286965192326435e-01 5.093515604413551001e-01
2.815000000000000000e+03 7.860922597744762763e-02 6.738640752021295144e-02 1.255103277798967243e+00
2.820000000000000000e+03 1.303680229688798098e-01 4.618085247464690651e-02 8.012837861065607026e-01
2.825000000000000000e+03 1.959075191417327111e-01 2.073457832937598277e-01 9.047996913439522171e-01
2.830000000000000000e+03 9.205964795807744516e-02 1.421026412804092809e-01 5.606703878629309967e-01
2.835000000000000000e+03 1.204594735289727658e-01 -4.450375247962323755e-02 9.895926604561727791e-01
2.840000000000000000e+03 6.384314964349749322e-02 1.545343353791351904e-01 1.046264698983391472e+00
2.845000000000000000e+03 1.108694902623341555e-01 -3.030813037640277263e-02 9.909495635533667190e-01
2.850000000000000000e+03 1.770322522328305614e-01 1.812302012477325919e-01 6.817729567130532686e-01
2.855000000000000000e+03 7.179770296969406607e-02 9.815840051884254513e-02 8.936001423340895755e-01
2.860000000000000000e+03 7.829027405939384399e-02 2.581390349161710729e-02 1.387419704378176633e+00
2.865000000000000000e+03 9.523204013988856298e-02 -1.816301469236833444e-02 7.120857379259555309e-01
2.870000000000000000e+03 1.248259163949328177e-01 2.335068446477568394e-01 1.087903443394255376e+00
2.875000000000000000e+03 1.064831136547170903e-01 1.153486955966590011e-01 1.374582002557622529e+00
2.880000000000000000e+03 8.162087239807791494e-02 1.726184882460642389e-01 1.006253355572880981e+00
2.885000000000000000e+03 1.200480682628869700e-01 -7.855542301245668768e-02 8.977193131566904016e-01
2.890000000000000000e+03 1.551777338552177143e-01 2.420128994805232359e-01 4.619937926679864582e-01
2.895000000000000000e+03 1.645532924718944301e-01 1.642980355952357308e-01 1.798852594612401656e+00
2.900000000000000000e+03 1.578707247790547552e-01 1.743579458931931447e-01 1.425047178935301195e+00
2.905000000000000000e+03 1.476225389324999915e-01 -3.585038771240039307e-02 5.933217709429919884e-01
2.910000000000000000e+03 1.184062607105269005e-01 4.649233717080572537e-02 6.003254761555358865e-01
2.915000000000000000e+03 1.621196901131491119e-01 2.155033389481749162e-01 7.694565215918369727e-01
2.920000000000000000e+03 1.569900953270360888e-01 -7.365509391755939439e-02 9.778361455606702224e-01
2.925000000000000000e+03 1.988077030123206190e-01 -4.721659786005384662e-02 1.816667446109895057e+00
2.930000000000000000e+03 1.394641034029379945e-01 1.611707748349731351e-01 1.424276318045203604e+00
2.935000000000000000e+03 1.393866511409814768e-01 -3.429808320459951793e-02 1.499824795638346808e+00
2.940000000000000000e+03 1.837804514124377342e-01 1.998914861170580926e-01 1.114604257169239609e+00
2.945000000000000000e+03 1.253926619421490418e-01 -5.501226056494420286e-02 1.039882168464899559e+00
2.950000000000000000e+03 1.478820234212168960e-01 -2.174908092474686638e-02 1.931033168610211792e+00
2.955000000000000000e+03 1.314285422690983363e-01 3.224203917454634971e-02 1.550336851125110771e+00
2.960000000000000000e+03 1.218321012639917711e-01 2.296517172687984054e-01 1.764819371587605490e+00
2.965000000000000000e+03 2.179793335648463892e-01 -1.579000810381772646e-02 1.684829476285035765e+00
2.970000000000000000e+03 1.560124635166469376e-01 1.535626501236888597e-01 1.343291311459247517e+00
2.975000000000000000e+03 1.711405138223296984e-01 -1.166838329781897804e-01 1.653303771694093038e+00
2.980000000000000000e+03 1.684241692826492776e-01 2.186660739664675335e-01 1.270357574690452740e+00
2.985000000000000000e+03 2.188350424180323384e-01 -2.506250835576135372e-01 8.957238808653952278e-01
2.990000000000000000e+03 2.100449194529845076e-01 1.453895209462690297e-01 1.952677867244705157e+00
2.995000000000000000e+03 2.581623346836904309e-01 4.159485262575193798e-02 1.987872268165352452e+00
3.000000000000000000e+03 2.367994634577003654e-01 -5.441346522392959129e-02 1.560096375801284241e+00
3.005000000000000000e+03 2.819533328310731002e-01 -6.838483159032393566e-02 1.408808817020411830e+00
3.010000000000000000e+03 3.502764158207408163e-01 5.776503211993918446e-02 1.268457969673590702e+00
3.015000000000000000e+03 3.654612823404944644e-01 3.880854591585306684e-02 1.355150236670253028e+00
3.020000000000000000e+03 4.819155581829180357e-01 1.616493449037604280e-01 1.736441192147919477e+00
3.025000000000000000e+03 5.420220001641922192e-01 3.668550080068155861e-01 1.651421086570081131e+00
3.030000000000000000e+03 7.444352577371733393e-01 1.233261331681671180e+00 2.802131165317718775e+00
3.035000000000000000e+03 6.941793266556193220e-01 1.984169181571799667e+00 5.048841952942698441e+00
3.040000000000000000e+03 5.741013465187364551e-01 2.329038001672861569e+00 7.508498171851735847e+00
3.045000000000000000e+03 6.540612822668036008e-01 1.776455860074811710e+00 8.105734424862456322e+00
3.050000000000000000e+03 5.624972269233715627e-01 1.265133353029423535e+00 6.596108421770786379e+00
3.055000000000000000e+03 4.206116106293660284e-01 1.072918661231494708e+00 3.112175227487344209e+00
3.060000000000000000e+03 1.899055427427817078e-01 8.235758799829048238e-01 6.119071572235439405e-01
3.065000000000000000e+03 1.179430584020549067e-01 8.682094083190395883e-01 9.277394201326359946e-01
3.070000000000000000e+03 -6.183970376728156054e-03 7.977322802620032682e-01 1.290097725529647299e+00
3.075000000000000000e+03 2.322211200086845770e-02 1.061600975711231021e+00 1.038940839097685087e+00
3.080000000000000000e+03 1.877923743471451509e-02 8.074468789828329607e-01 1.183502384670265473e+00
3.085000000000000000e+03 8.496670387632292154e-02 1.015459874114258421e+00 8.814214827543686015e-01
3.090000000000000000e+03 5.082329885791171675e-02 9.364402102065569888e-01 1.117915412892778848e+00
3.095000000000000000e+03 4.100944258434019440e-02 1.482042028792995847e+00 2.039543232903683112e+00
3.100000000000000000e+03 6.745833805379677917e-02 1.571164795360795230e+00 2.486528161769706813e+00
3.105000000000000000e+03 8.583381927356056873e-02 1.268014040760331973e+00 2.416228534771976744e+00
3.110000000000000000e+03 1.373427671752473489e-01 5.494157133217697497e-01 1.553944497846860395e+00
3.115000000000000000e+03 1.276678406252173825e-01 1.291533418311995585e-01 8.475385522934580917e-01
3.120000000000000000e+03 1.621363097832103639e-01 2.076511685458018452e-01 1.112324732577706365e+00
3.125000000000000000e+03 1.091736145533976216e-01 7.599642417203403277e-02 2.806915208544318308e-01
3.130000000000000000e+03 1.643498173194461731e-02 -1.546245114509276486e-01 -4.859556735356302393e-01
3.135000000000000000e+03 8.048858584141616035e-03 1.717471512343247131e-01 7.999553580246764051e-02
3.140000000000000000e+03 -7.315656516980421908e-02 5.093515009552912476e-02 6.659356687859314672e-01
3.145000000000000000e+03 -7.242188650970442232e-02 3.258176218295681936e-01 8.838363518081737702e-01
3.150000000000000000e+03 4.104012550391750169e-04 1.371314409351490071e-01 1.301497390088742767e-01
3.155000000000000000e+03 2.946359675807164180e-02 4.501584787956790928e-02 1.572581017047895435e-01
3.160000000000000000e+03 7.857167408805879050e-02 2.222062039848530512e-01 -7.932973512544022610e-02
3.165000000000000000e+03 1.975058095187986335e-02 2.733764247608675979e-01 -3.855105558024014001e-01
3.170000000000000000e+03 1.681570310482969483e-02 2.963658650373284242e-01 5.964611692098877871e-01
3.175000000000000000e+03 -4.767063001102092579e-03 -4.471987192051928711e-02 1.116611839130977613e-01
3.180000000000000000e+03 4.690318159520750346e-02 1.812470419997262716e-01 8.037938032954992096e-01
3.185000000000000000e+03 7.855335954736798743e-02 -8.856668777287501904e-02 5.776600950576438187e-01
3.190000000000000000e+03 -1.562028632958728513e-02 1.211820559298922989e-01 3.789438767277560349e-01
3.195000000000000000e+03 2.861650729661394457e-02 9.788030070517483860e-02 2.200331363444510135e-01
3.200000000000000000e+03 3.376633690517211878e-02 -1.124268349705247888e-02 -1.579227584552536645e-01
3.205000000000000000e+03 3.726049917281611112e-02 -2.281835001836812760e-02 2.400036420239729518e-01
3.210000000000000000e+03 4.823539865158531920e-02 -3.932949325728345158e-02 7.094903465742397053e-01
3.215000000000000000e+03 3.364951953245044758e-02 -4.072801000803630278e-02 5.793329713048125384e-01
3.220000000000000000e+03 5.684974507614860145e-02 9.103473826559009552e-03 6.996714893524623724e-01
3.225000000000000000e+03 2.567904762712774208e-02 2.900842997777120652e-02 1.473019519002437772e+00
3.230000000000000000e+03 7.071273461988472619e-02 4.593534794179239544e-02 5.830411666409484051e-01
3.235000000000000000e+03 4.492524132357854361e-02 4.469006276370458830e-02 5.206605575961711363e-01
3.240000000000000000e+03 5.707009978506569908e-02 -5.135888372771409138e-02 1.110435145909434151e+00
3.245000000000000000e+03 7.853564283949912572e-02 -3.164199029987198319e-02 3.813766276679663725e-01
3.250000000000000000e+03 8.000281345958891455e-03 1.580781301635499070e-01 1.693694308511001445e+00
3.255000000000000000e+03 3.126688938554911257e-02 -4.469627973975406898e-02 7.425735560621703479e-01
3.260000000000000000e+03 5.274878738396437949e-02 1.402994185327846033e-01 5.927302764918543909e-01
3.265000000000000000e+03 1.253574400572431830e-02 2.834487870609618820e-01 7.463322889702419527e-01
3.270000000000000000e+03 6.050499265051107606e-02 1.923620145786056057e-01 1.648332194585336308e-01
3.275000000000000000e+03 3.430989803379171782e-02 -1.153104713481383908e-01 8.681389380287169999e-01
3.280000000000000000e+03 4.918459630569803342e-02 3.724966128121816322e-02 1.427485638190773010e+00
3.285000000000000000e+03 6.468722227968291827e-02 2.279387496662298729e-01 1.103253868144939309e+00
3.290000000000000000e+03 3.570506900982117759e-02 2.974600521520462393e-01 6.332706750054788447e-01
3.295000000000000000e+03 7.664835901162078691e-02 9.835441148320411830e-02 4.501925372462799446e-01
3.300000000000000000e+03 6.748943361625742154e-02 4.835178571146336868e-02 -2.426546720010089864e-01
