2.800000000000000000e+03 1.988496731820617314e-02 -2.758175279626265408e-01 1.241343342517749887e-01
2.805000000000000000e+03 5.411131794915455262e-02 -7.503909580936099499e-02 -1.353430508920563935e-02
2.810000000000000000e+03 3.137660231486260470e-02 1.775118017014405969e-01 -8.586301216609475151e-02
2.815000000000000000e+03 3.321081543271062891e-02 -8.304805696470952264e-03 -1.116020336531388657e-01
2.820000000000000000e+03 -8.023295307824852146e-03 2.568687600404068877e-02 3.287043464525706005e-02
2.825000000000000000e+03 2.389353710709175502e-02 1.697747039212278430e-01 1.130539822024762830e-01
2.830000000000000000e+03 2.750944485893667274e-02 2.749533033624901313e-02 -1.418455941388738206e-01
2.835000000000000000e+03 2.646113445540206055e-02 9.963190677068331502e-02 2.096930701062718616e-01
2.840000000000000000e+03 -5.142958234484575411e-04 2.444948468361001631e-02 1.597766761331215479e-01
2.845000000000000000e+03 5.710783025433996407e-02 -1.149587307781360784e-01 1.069447593556644982e-01
2.850000000000000000e+03 3.431580687793635287e-02 -1.135232920767693388e-01 2.493256298492103340e-01
2.855000000000000000e+03 3.267904424146891168e-02 2.759104358075611593e-02 -4.665998921470291411e-02
2.860000000000000000e+03 3.946988709962691300e-02 -1.734316416916048820e-01 1.190247731014313498e-01
2.865000000000000000e+03 -1.214143505744128167e-02 1.062624432237036370e-01 -5.564423504249638164e-02
2.870000000000000000e+03 -2.132415913251989315e-02 6.578671137949189396e-02 -9.316539586551486618e-02
2.875000000000000000e+03 -3.497529337473052197e-02 6.133935190543456789e-02 -8.671707502095724052e-02
2.880000000000000000e+03 3.532940708773010113e-02 8.120075731562598209e-02 9.317613237936606813e-03
2.885000000000000000e+03 -2.633416854056084416e-02 -9.151530606522489952e-02 6.248713848960835149e-02
2.890000000000000000e+03 3.834228883212009026e-02 -2.413907035361668660e-02 3.809697725965344867e-02
2.895000000000000000e+03 4.266299082359653605e-02 2.181079202728310462e-01 4.727597381621237438e-02
2.900000000000000000e+03 1.040347940743351247e-02 -1.754478855597025322e-01 -3.970809868624312899e-02
2.905000000000000000e+03 3.711971538576581964e-02 1.186936015029453895e-01 9.226492971486048578e-02
2.910000000000000000e+03 -2.438782144918185540e-02 -9.141925383375510555e-03 8.090615787615505761e-02
2.915000000000000000e+03 -4.746497756755854724e-03 -2.945747923438180038e-02 -2.143891474528534791e-01
2.920000000000000000e+03 -5.672491699997557479e-02 -9.882348228268220125e-02 1.824639069819495030e-01
2.925000000000000000e+03 3.820710381821635498e-02 1.743994628752104092e-01 2.273251390378107917e-01
2.930000000000000000e+03 4.602953155350580222e-02 -1.195456588658723868e-01 -1.217898487398507562e-02
2.935000000000000000e+03 -2.255400204938031242e-03 -5.613506974666677973e-03 2.813652495897478803e-02
2.940000000000000000e+03 1.430216833651896252e-02 8.754170485918992550e-02 3.020747825620274662e-01
2.945000000000000000e+03 2.691222551345315989e-02 -4.789131703374866454e-03 2.252326396651491147e-02
2.950000000000000000e+03 -8.066990541892816655e-03 8.611582832960337774e-02 -8.484242763271805654e-02
2.955000000000000000e+03 -1.775256974852598355e-02 -1.759971563542228612e-01 2.077708389610334605e-02
2.960000000000000000e+03 6.323782207805864544e-03 -5.027122220598896629e-02 8.354014716341907898e-02
2.965000000000000000e+03 4.231968499812162332e-02 -1.373969344215577974e-02 -8.575538636300537865e-02
2.970000000000000000e+03 3.185201030538371836e-02 -1.589150830590190244e-01 -9.365701498707476591e-02
2.975000000000000000e+03 4.186765203728945450e-02 -7.855725125081447491e-02 -7.485696087474108529e-02
2.980000000000000000e+03 -4.428719630994603501e-02 -1.276783988702864248e-01 1.126503075378970098e-01
2.985000000000000000e+03 1.098176816630834496e-02 -1.093211662754276503e-01 -2.276157886366575733e-01
2.990000000000000000e+03 6.536771575815238100e-02 1.217935264008617319e-01 -2.605882385424626926e-02
2.995000000000000000e+03 7.492799325334943694e-02 5.452619680900830379e-02 6.934614883162844301e-02
3.000000000000000000e+03 1.287221644466299275e-02 1.232644168733352807e-01 1.358685186675246959e-01
3.005000000000000000e+03 7.330955499513318319e-02 -8.461349362904847793e-02 -1.257830583606506236e-01
3.010000000000000000e+03 1.199880405073797396e-01 -1.001218981071361619e-01 1.732975991571319707e-01
3.015000000000000000e+03 7.588778563396195165e-02 -2.809695823606538911e-01 -1.456738328504416369e-01
3.020000000000000000e+03 1.554484661486138508e-01 -4.149270237916364845e-01 -9.928181979231651133e-02
3.025000000000000000e+03 2.443419971626527576e-01 -7.120404773507021945e-01 -3.598396300144429683e-01
3.030000000000000000e+03 4.908612800603141535e-01 -1.300458956757525986e+00 -2.026612280962381274e-01
3.035000000000000000e+03 5.017196712477983711e-01 -1.367665440984776604e+00 -4.958056632550472687e-01
3.040000000000000000e+03 6.157624212828478605e-01 -1.170672780547959979e+00 8.625743819354834974e-02
3.045000000000000000e+03 7.289535444750300242e-01 -5.751474467439096072e-01 1.341747154648445406e+00
3.050000000000000000e+03 7.523360300458454830e-01 -1.969795778280521992e-01 2.098058086295001790e+00
3.055000000000000000e+03 5.746728504671384519e-01 -1.155549792071800946e-01 1.715062562185544870e+00
3.060000000000000000e+03 3.044889436886974998e-01 9.080673366922883960e-02 9.078400248764973979e-01
3.065000000000000000e+03 2.403017974312249005e-01 4.867781210636283606e-02 6.819620060173958720e-01
3.070000000000000000e+03 1.801647942869735730e-01 2.388504167949070944e-01 4.701546581414146053e-01
3.075000000000000000e+03 1.102026168243763482e-01 -4.879605880527475986e-02 2.905461012622966299e-01
3.080000000000000000e+03 7.284669568145833718e-02 1.224733112505586169e-01 4.181919104916448915e-01
3.085000000000000000e+03 3.142529375372234840e-02 2.469610483096796316e-01 5.407198567240825149e-01
3.090000000000000000e+03 9.131738683336032558e-02 2.744654575328832613e-01 4.600687437120574153e-01
3.095000000000000000e+03 1.213484442690225679e-01 6.794453337842564222e-01 8.364329678841104787e-01
3.100000000000000000e+03 6.155512534492194043e-02 9.348655259175220333e-01 1.009832571431731107e+00
3.105000000000000000e+03 9.441871259552522822e-02 1.191233393849542299e+00 1.229408810081972891e+00
3.110000000000000000e+03 1.413215939177815128e-01 8.002979009267245925e-01 9.667362278593043534e-01
3.115000000000000000e+03 2.502072256375665327e-01 4.981322585315300366e-01 8.386260854760972938e-01
3.120000000000000000e+03 2.658078775425890550e-01 3.077567567826267614e-01 7.522836740808491740e-01
3.125000000000000000e+03 3.689177037912910184e-01 2.013963862070568267e-01 7.090591909305901108e-01
3.130000000000000000e+03 2.294864503647733867e-01 1.382736186618719332e-01 6.793866703616874281e-01
3.135000000000000000e+03 1.725214406592061878e-01 -3.424014634075554786e-02 4.191499993227784104e-01
3.140000000000000000e+03 9.552998558051253863e-02 2.077065837295287709e-01 3.069445115996350393e-01
3.145000000000000000e+03 -1.247485575831097648e-02 1.154242058755782091e-01 1.887133274704118069e-01
3.150000000000000000e+03 6.533387783351912725e-04 1.253415857502539754e-01 9.639757658825626185e-02
3.155000000000000000e+03 3.333107505447471808e-02 2.031640523406593180e-01 2.271241034286272387e-01
3.160000000000000000e+03 -4.019964878287374255e-03 1.105310476411029003e-02 1.289759952421647149e-01
3.165000000000000000e+03 6.254572755132441209e-02 5.997415203733977296e-02 7.868936016867358885e-02
3.170000000000000000e+03 3.062551603300319586e-03 1.952270443208639905e-01 1.862295226973494644e-01
3.175000000000000000e+03 -1.202141074611329588e-02 -7.484637181975753450e-02 7.821951323253545363e-02
3.180000000000000000e+03 -6.472758360682085224e-03 -1.038708893151113061e-01 2.235753123390350067e-02
3.185000000000000000e+03 2.556611686422049015e-02 -3.061873212732334204e-02 1.310964289742442834e-01
3.190000000000000000e+03 -3.117639514423702768e-02 -9.007270715333975594e-03 2.356813765689097784e-01
3.195000000000000000e+03 -2.409960917150213988e-02 -1.154235482614046487e-01 7.286091712443901192e-02
3.200000000000000000e+03 -4.148054541046786170e-02 -1.383249633357126473e-01 2.258607145517219916e-01
3.205000000000000000e+03 4.828941811787919314e-02 1.020938210346392788e-01 9.554432969094639461e-02
3.210000000000000000e+03 3.107380250459957846e-02 1.315145063619540255e-01 1.725513230702312439e-01
3.215000000000000000e+03 1.694811076864786298e-05 -1.483952878303248513e-01 -1.260850075683898619e-01
3.220000000000000000e+03 -9.733275860140180868e-03 -6.599874713109192548e-02 -5.503029497961403615e-02
3.225000000000000000e+03 -7.847153559363280462e-02 2.072797033056376914e-01 1.474704937519831227e-01
3.230000000000000000e+03 3.368563720327576866e-02 1.164148529073718089e-02 1.176256848917247994e-01
3.235000000000000000e+03 -1.206661506541876171e-02 3.524221713489076313e-01 1.116441135109518257e-01
3.240000000000000000e+03 1.539342721474227030e-02 -1.079869724006605330e-01 8.783458362921349460e-02
3.245000000000000000e+03 1.536228608619459243e-02 1.373302406640436457e-01 -6.617857962206347144e-02
3.250000000000000000e+03 -1.563199251534078821e-02 3.327684305030880613e-02 -9.312506916174667637e-02
3.255000000000000000e+03 3.278786212639327874e-02 -2.883165033957898679e-02 -2.737333523767221943e-01
3.260000000000000000e+03 -1.436220746143005572e-02 -3.487320639495236629e-02 -4.496314296401825172e-02
3.265000000000000000e+03 -3.319131970131901366e-03 -3.944070157846198132e-02 -6.160990932242857432e-02
3.270000000000000000e+03 2.905186364843349509e-02 -1.093896280474271898e-01 1.704879849186861918e-02
3.275000000000000000e+03 3.025886174641689158e-02 1.164277647255812231e-01 3.992221741483378827e-02
3.280000000000000000e+03 6.069402411576330092e-02 2.946658327242200892e-01 -7.844945497442605553e-02
3.285000000000000000e+03 1.406807048227439079e-02 3.817739403616662863e-02 2.978147791588243720e-01
3.290000000000000000e+03 1.355008152197359657e-02 3.285525540772429864e-02 9.738720036514481038e-02
3.295000000000000000e+03 -6.335871362374480287e-02 -2.476740555714412595e-01 -1.145342649547064079e-01
3.300000000000000000e+03 2.121369031883192299e-02 4.667984473290315989e-02 8.619247031831295258e-02
