2.800000000000000000e+03 1.973417205035759951e-03 -1.128034578568745845e-03 3.195443776898798834e-03
2.805000000000000000e+03 2.053706146660643460e-03 -1.189707519089638812e-03 3.308069165130571830e-03
2.810000000000000000e+03 2.139041732753158877e-03 -1.256173639030644341e-03 3.426731925909359301e-03
2.815000000000000000e+03 2.229859206438639021e-03 -1.327918744951065442e-03 3.551867689084529673e-03
2.820000000000000000e+03 2.326642061881453814e-03 -1.405489823875236046e-03 3.683951478976198960e-03
2.825000000000000000e+03 2.429928641631505775e-03 -1.489504321832656663e-03 3.823501951856955218e-03
2.830000000000000000e+03 2.540319815250995268e-03 -1.580661080101978351e-03 3.971086149602767214e-03
2.835000000000000000e+03 2.658487947282313531e-03 -1.679753272400737792e-03 4.127324836177346905e-03
2.840000000000000000e+03 2.785187408886897597e-03 -1.787683767599749585e-03 4.292898491487629094e-03
2.845000000000000000e+03 2.921266945500424102e-03 -1.905483445716890396e-03 4.468554045321086743e-03
2.850000000000000000e+03 3.067684285983128881e-03 -2.034333126549971605e-03 4.655112442161384208e-03
2.855000000000000000e+03 3.225523471452118335e-03 -2.175589939153242496e-03 4.853477135019114951e-03
2.860000000000000000e+03 3.396015500196571720e-03 -2.330819178308067997e-03 5.064643611927976789e-03
2.865000000000000000e+03 3.580563036746921626e-03 -2.501832977271949403e-03 5.289710060711542983e-03
2.870000000000000000e+03 3.780770129031316585e-03 -2.690737496395094637e-03 5.529889273286106924e-03
2.875000000000000000e+03 3.998478132218916993e-03 -2.899990814959207616e-03 5.786521875845601973e-03
2.880000000000000000e+03 4.235809371372469337e-03 -3.132474360907720919e-03 6.061090939095024714e-03
2.885000000000000000e+03 4.495220515172420640e-03 -3.391581579014819881e-03 6.355237962858624988e-03
2.890000000000000000e+03 4.779568218518402689e-03 -3.681328706021249481e-03 6.670780125681244344e-03
2.895000000000000000e+03 5.092190377485643349e-03 -4.006494110799694273e-03 7.009728517135542514e-03
2.900000000000000000e+03 5.437007403928295970e-03 -4.372794841338809545e-03 7.374306788671791679e-03
2.905000000000000000e+03 5.818649381424758488e-03 -4.787112050600718545e-03 7.766969205166122242e-03
2.910000000000000000e+03 6.242616973231232894e-03 -5.257781223450897976e-03 8.190416353812611863e-03
2.915000000000000000e+03 6.715486758581114268e-03 -5.794969156364186864e-03 8.647605609013869765e-03
2.920000000000000000e+03 7.245175638363261089e-03 -6.411168300489940297e-03 9.141751600776041806e-03
2.925000000000000000e+03 7.841284624895557623e-03 -7.121851677418300497e-03 9.676308961900999608e-03
2.930000000000000000e+03 8.515550560826805337e-03 -7.946350168117182963e-03 1.025492482444559372e-02
2.935000000000000000e+03 9.282446427269873748e-03 -8.909041828351945552e-03 1.088134069819014782e-02
2.940000000000000000e+03 1.015998901926986470e-02 -1.004098530168616270e-02 1.155921043615064196e-02
2.945000000000000000e+03 1.117084033122767335e-02 -1.138219515682648182e-02 1.229177938701324531e-02
2.950000000000000000e+03 1.234383172175314812e-02 -1.298486089377362020e-02 1.308133317427189433e-02
2.955000000000000000e+03 1.371610752049124901e-02 -1.491797907550806122e-02 1.392826124833363224e-02
2.960000000000000000e+03 1.533619408309194396e-02 -1.727414499246888308e-02 1.482946891897237926e-02
2.965000000000000000e+03 1.726848157144024801e-02 -2.017971924581192164e-02 1.577567099871407183e-02
2.970000000000000000e+03 1.959991447375700885e-02 -2.381040101193813985e-02 1.674673016093723710e-02
2.975000000000000000e+03 2.245022863545891381e-02 -2.841570468726460630e-02 1.770350144315219545e-02
2.980000000000000000e+03 2.598805511213376357e-02 -3.435855478026885595e-02 1.857327241646892363e-02
2.985000000000000000e+03 3.045705935242618359e-02 -4.218144649729238527e-02 1.922311383004116081e-02
2.990000000000000000e+03 3.621990331432187182e-02 -5.272110606440356950e-02 1.940963158480680031e-02
2.995000000000000000e+03 4.383522137770309163e-02 -6.731553212371362005e-02 1.868089032196203550e-02
3.000000000000000000e+03 5.419865680102482763e-02 -8.819534519175176168e-02 1.617733980690955198e-02
3.005000000000000000e+03 6.881449442291735774e-02 -1.192610593529636887e-01 1.021029631135999052e-02
3.010000000000000000e+03 9.034624193327980834e-02 -1.677046710304026800e-01 -2.667253176372079773e-03
3.015000000000000000e+03 1.237777769486280155e-01 -2.475112365043109774e-01 -2.975303960191883271e-02
3.020000000000000000e+03 1.788134310171712316e-01 -3.867571336419484695e-01 -8.661829211282810748e-02
3.025000000000000000e+03 2.733771389893375758e-01 -6.374255169571836355e-01 -2.022065013129448752e-01
3.030000000000000000e+03 4.250792422125191372e-01 -1.038777990754455205e+00 -3.856531380819253063e-01
3.035000000000000000e+03 5.763131047182150635e-01 -1.335675166969118255e+00 -4.001608690268038115e-01
3.040000000000000000e+03 6.224820256998696566e-01 -1.063109139524632374e+00 1.871304390251858629e-01
3.045000000000000000e+03 6.854999748396045645e-01 -5.888749271503153082e-01 1.156278211788712262e+00
3.050000000000000000e+03 7.479469715584113887e-01 -2.685544726775811464e-01 1.870801257461254696e+00
3.055000000000000000e+03 5.994571320007595627e-01 -1.267423033024218382e-01 1.631126723094645126e+00
3.060000000000000000e+03 3.861290618909811179e-01 -6.892503327934260127e-02 1.048806808256325995e+00
3.065000000000000000e+03 2.469645197790692470e-01 -2.790982981263383234e-02 6.680769199730829389e-01
3.070000000000000000e+03 1.685273312853986238e-01 1.241328817207644659e-02 4.714260881722361352e-01
3.075000000000000000e+03 1.237064341808355589e-01 5.852948627168783752e-02 3.814076157671434375e-01
3.080000000000000000e+03 9.737886957942300248e-02 1.192629047717498891e-01 3.592373846164810258e-01
3.085000000000000000e+03 8.215593529474744805e-02 2.106452091852587805e-01 3.965234223949630765e-01
3.090000000000000000e+03 7.463595586023727413e-02 3.634280686675052108e-01 5.102315796684825377e-01
3.095000000000000000e+03 7.372398055158857488e-02 6.259511036811714613e-01 7.398155466806112246e-01
3.100000000000000000e+03 8.010002440285202141e-02 9.747078443042084261e-01 1.064512781085960702e+00
3.105000000000000000e+03 9.648007668881940224e-02 1.053217612532105774e+00 1.167830939332757056e+00
3.110000000000000000e+03 1.300228542746487137e-01 7.352688999044112439e-01 9.508688793024068220e-01
3.115000000000000000e+03 1.935732983206189251e-01 4.279484524552728542e-01 8.083815946675925179e-01
3.120000000000000000e+03 2.828532096415842245e-01 2.393686190239476264e-01 8.286210328538656800e-01
3.125000000000000000e+03 3.063738244332005478e-01 1.379852646057418142e-01 7.866974870654095398e-01
3.130000000000000000e+03 2.228146159808641891e-01 9.326809610128540540e-02 5.663215880556714543e-01
3.135000000000000000e+03 1.403837643686136893e-01 7.018311544697118654e-02 3.680299283605441563e-01
3.140000000000000000e+03 9.100626639767867010e-02 5.448786263108162248e-02 2.474425906743465964e-01
3.145000000000000000e+03 6.294771373291874195e-02 4.296180015305994804e-02 1.764483334923755420e-01
3.150000000000000000e+03 4.620058372969284427e-02 3.435287656850281174e-02 1.324244617638978549e-01
3.155000000000000000e+03 3.555274827093512363e-02 2.784380910797190287e-02 1.034354367244130213e-01
3.160000000000000000e+03 2.838403224526006574e-02 2.285534918541664434e-02 8.332575613413099880e-02
3.165000000000000000e+03 2.331994469198423944e-02 1.897830434771619404e-02 6.876881329694958800e-02
3.170000000000000000e+03 1.959785995019143814e-02 1.592381397804927198e-02 5.786131767296851663e-02
3.175000000000000000e+03 1.677117281355901615e-02 1.348652630202269199e-02 4.945478344105428553e-02
3.180000000000000000e+03 1.456542674732908861e-02 1.151878668795502589e-02 4.282319076509223665e-02
3.185000000000000000e+03 1.280470328920309264e-02 9.913018388064680220e-03 3.748889606044543410e-02
3.190000000000000000e+03 1.137204113548845319e-02 8.589772338270152199e-03 3.312674124240188450e-02
3.195000000000000000e+03 1.018716089087219612e-02 7.489588085544149169e-03 2.950878080266329181e-02
3.200000000000000000e+03 9.193405959918923842e-03 6.567398162311787607e-03 2.647111191276804720e-02
3.205000000000000000e+03 8.349802497972687310e-03 5.788635560384311311e-03 2.389324912961040409e-02
3.210000000000000000e+03 7.626072633145184083e-03 5.126491436273436161e-03 2.168489139004611474e-02
3.215000000000000000e+03 6.999410501033314844e-03 4.559958310791481333e-03 1.977719333168280469e-02
3.220000000000000000e+03 6.452343191216657232e-03 4.072416228072823358e-03 1.811686428902752055e-02
3.225000000000000000e+03 5.971278042213747257e-03 3.650598904212831036e-03 1.666209035455984422e-02
3.230000000000000000e+03 5.545495079388704056e-03 3.283829082049497666e-03 1.537966024315393088e-02
3.235000000000000000e+03 5.166434742033198038e-03 2.963446877170429830e-03 1.424290334637986696e-02
3.240000000000000000e+03 4.827185552119915221e-03 2.682378053813736472e-03 1.323018653057817483e-02
3.245000000000000000e+03 4.522109722769091823e-03 2.434804857305902532e-03 1.232380217335591645e-02
3.250000000000000000e+03 4.246565576694458569e-03 2.215912782974219751e-03 1.150913459608928803e-02
3.255000000000000000e+03 3.996698986905785310e-03 2.021694116526914949e-03 1.077402753517540251e-02
3.260000000000000000e+03 3.769284746929217177e-03 1.848794306591194448e-03 1.010829876504842212e-02
3.265000000000000000e+03 3.561604546321841397e-03 1.694390932122888252e-03 9.503363778424230371e-03
3.270000000000000000e+03 3.371352117967479304e-03 1.556097676748233833e-03 8.951941225081350845e-03
3.275000000000000000e+03 3.196558788322438963e-03 1.431887636538286017e-03 8.447820299397942184e-03
3.280000000000000000e+03 3.035534512955367307e-03 1.320031683920036862e-03 7.985675532738888832e-03
3.285000000000000000e+03 2.886820782938387311e-03 1.219048637654277173e-03 7.560918196467231178e-03
3.290000000000000000e+03 2.749152716546245448e-03 1.127664750903078225e-03 7.169576222912433724e-03
3.295000000000000000e+03 2.621428320547202363e-03 1.044780599308035417e-03 6.808196519476584010e-03
3.300000000000000000e+03 2.502683393664978558e-03 9.694438804055027954e-04 6.473764999228768212e-03
