2.800000000000000000e+03 3.638415578544789558e-02 1.487419887420436335e-02 3.253623602676191662e-01
2.805000000000000000e+03 3.676823321084935620e-02 1.473413562743734750e-02 3.272157939769917978e-01
2.810000000000000000e+03 3.717020848790069526e-02 1.458709594846131601e-02 3.291405560669716235e-01
2.815000000000000000e+03 3.759135187942937162e-02 1.443260346963811530e-02 3.311408023942758461e-01
2.820000000000000000e+03 3.803305589635193329e-02 1.427014161690557358e-02 3.332210138179648728e-01
2.825000000000000000e+03 3.849685027321306241e-02 1.409914975014580664e-02 3.353860280486965495e-01
2.830000000000000000e+03 3.898441918795091110e-02 1.391901893054514790e-02 3.376410752273674154e-01
2.835000000000000000e+03 3.949762112628343175e-02 1.372908729180932937e-02 3.399918177346492598e-01
2.840000000000000000e+03 4.003851187449346261e-02 1.352863499752059162e-02 3.424443948071831390e-01
2.845000000000000000e+03 4.060937122774568864e-02 1.331687877635110394e-02 3.450054726218165779e-01
2.850000000000000000e+03 4.121273412983035567e-02 1.309296604216861511e-02 3.476823006078152423e-01
2.855000000000000000e+03 4.185142712150275585e-02 1.285596863001759078e-02 3.504827748600041204e-01
2.860000000000000000e+03 4.252861117771577354e-02 1.260487621549294217e-02 3.534155096549032038e-01
2.865000000000000000e+03 4.324783227139743919e-02 1.233858953990133768e-02 3.564899182183000059e-01
2.870000000000000000e+03 4.401308132950235152e-02 1.205591364523922286e-02 3.597163040571376702e-01
2.875000000000000000e+03 4.482886566803202105e-02 1.175555144374958345e-02 3.631059643505884504e-01
2.880000000000000000e+03 4.570029453658981666e-02 1.143609812487761911e-02 3.666713070922985040e-01
2.885000000000000000e+03 4.663318211080134251e-02 1.109603716491230734e-02 3.704259838820945783e-01
2.890000000000000000e+03 4.763417219905333871e-02 1.073373909202712979e-02 3.743850404692473099e-01
2.895000000000000000e+03 4.871089015698712443e-02 1.034746473302494522e-02 3.785650873294926222e-01
2.900000000000000000e+03 4.987212913925429675e-02 9.935375521072828744e-03 3.829844926778288028e-01
2.905000000000000000e+03 5.112808001957418191e-02 9.495554719466101079e-03 3.876636003170470524e-01
2.910000000000000000e+03 5.249061730144756466e-02 9.026045337907786723e-03 3.926249744960877419e-01
2.915000000000000000e+03 5.397365744852872932e-02 8.524913435568368114e-03 3.978936733354168642e-01
2.920000000000000000e+03 5.559361176407897481e-02 7.990349977883205723e-03 4.034975510957046207e-01
2.925000000000000000e+03 5.736996395561309164e-02 7.420831343849541850e-03 4.094675871758940988e-01
2.930000000000000000e+03 5.932601391009900693e-02 6.815369446712704962e-03 4.158382355007010367e-01
2.935000000000000000e+03 6.148984562756706906e-02 6.173899698512697390e-03 4.226477807066737480e-01
2.940000000000000000e+03 6.389560128999012545e-02 5.497882899771434385e-03 4.299386753080545187e-01
2.945000000000000000e+03 6.658517915992090419e-02 4.791242802139249364e-03 4.377578116022625698e-01
2.950000000000000000e+03 6.961052700799680304e-02 4.061837350212657918e-03 4.461566481450281452e-01
2.955000000000000000e+03 7.303678594286322490e-02 3.323791556205705610e-03 4.551910544020499882e-01
2.960000000000000000e+03 7.694667020314630013e-02 2.601246427272084667e-03 4.649206442149600438e-01
2.965000000000000000e+03 8.144667830682136844e-02 1.934483017144527847e-03 4.754072155876385986e-01
2.970000000000000000e+03 8.667607587615817899e-02 1.390124096888912869e-03 4.867116644782459867e-01
2.975000000000000000e+03 9.282017197701721012e-02 1.078524807370157467e-03 4.988883419815086651e-01
2.980000000000000000e+03 1.001304181687556333e-01 1.184227938113575690e-03 5.119752233624588200e-01
2.985000000000000000e+03 1.089556549582162137e-01 2.020998248070752720e-03 5.259774765654068318e-01
2.990000000000000000e+03 1.197921242304066103e-01 4.134964607814232626e-03 5.408414948066053718e-01
2.995000000000000000e+03 1.333660708988856081e-01 8.506271321214925463e-03 5.564183732206241517e-01
3.000000000000000000e+03 1.507746475696396804e-01 1.696304607065874520e-02 5.724292721316238675e-01
3.005000000000000000e+03 1.737333629763081200e-01 3.307983658818652167e-02 5.885070600343571545e-01
3.010000000000000000e+03 2.050165015226337595e-01 6.425014186280510187e-02 6.046526407344046117e-01
3.015000000000000000e+03 2.492063259534100794e-01 1.267589857620816107e-01 6.235803175508349838e-01
3.020000000000000000e+03 3.136044122938588807e-01 2.585667703114038485e-01 6.614652085582324315e-01
3.025000000000000000e+03 4.065678933925854777e-01 5.476956036755992185e-01 7.951052507721370066e-01
3.030000000000000000e+03 5.163951765337883026e-01 1.139015108605357707e+00 1.326640069812597522e+00
3.035000000000000000e+03 5.545905817871040755e-01 1.876881423803754334e+00 2.841626997565370072e+00
3.040000000000000000e+03 5.008184475927488499e-01 1.960681888007696605e+00 4.858897889189988994e+00
3.045000000000000000e+03 5.288211763440798796e-01 1.517104853613177040e+00 6.040892374234744011e+00
3.050000000000000000e+03 5.600789701010058241e-01 1.067027927537124166e+00 5.286337244312059980e+00
3.055000000000000000e+03 4.028702221116355897e-01 7.733151163239279091e-01 2.803635546242915666e+00
3.060000000000000000e+03 2.162551565437308143e-01 6.399543842446603348e-01 1.106458165862648446e+00
3.065000000000000000e+03 1.082210804174939117e-01 5.864233022457184807e-01 4.647128734420488128e-01
3.070000000000000000e+03 5.423832345881016148e-02 5.730282022140567033e-01 2.950574644744116681e-01
3.075000000000000000e+03 2.727888333649830868e-02 5.904835673828607856e-01 3.131893788051116623e-01
3.080000000000000000e+03 1.379003236444780421e-02 6.419360818111990996e-01 4.253954931464013489e-01
3.085000000000000000e+03 7.522115063722000124e-03 7.398881386709595942e-01 6.150631755147136781e-01
3.090000000000000000e+03 5.607431005880635783e-03 9.068316147556286788e-01 9.026021856237681495e-01
3.095000000000000000e+03 6.861507593713555946e-03 1.156794369853900939e+00 1.308576866002674199e+00
3.100000000000000000e+03 1.112967881731266248e-02 1.361600155679473234e+00 1.673113076913353980e+00
3.105000000000000000e+03 1.922379219466821554e-02 1.121157361161826183e+00 1.469914806353251224e+00
3.110000000000000000e+03 3.360469672056736606e-02 5.965953643746767510e-01 9.108046968318836978e-01
3.115000000000000000e+03 5.827695396714063086e-02 2.626093256090992201e-01 6.593102996414482719e-01
3.120000000000000000e+03 8.991548531980610159e-02 1.069876150443612728e-01 6.879490443214965056e-01
3.125000000000000000e+03 9.467342365380838898e-02 3.933034760624488924e-02 6.454700826944511638e-01
3.130000000000000000e+03 6.247468441377229675e-02 1.475890880586131458e-02 4.017669762901449060e-01
3.135000000000000000e+03 3.366054972759999903e-02 6.214070910488690008e-03 2.007157856977370702e-01
3.140000000000000000e+03 1.767389738847633535e-02 3.012868823948698475e-03 9.435620632293187371e-02
3.145000000000000000e+03 9.381929665256411380e-03 2.089018198411547820e-03 4.337193571166264583e-02
3.150000000000000000e+03 4.988686269100878722e-03 2.282985459414849441e-03 2.005847664652261539e-02
3.155000000000000000e+03 2.608648181221975230e-03 3.029569162941955687e-03 1.069901067889938127e-02
3.160000000000000000e+03 1.324164658416005598e-03 4.028907894767618479e-03 8.623665485979696566e-03
3.165000000000000000e+03 6.672824350457435150e-04 5.118915918139996246e-03 1.045274578066177247e-02
3.170000000000000000e+03 3.855064274079457107e-04 6.212598803137219655e-03 1.439041195739426508e-02
3.175000000000000000e+03 3.352678470670650778e-04 7.264668873425394677e-03 1.944240216510529848e-02
3.180000000000000000e+03 4.311530778790967095e-04 8.253191150135766666e-03 2.504050342547914365e-02
3.185000000000000000e+03 6.203760465012863939e-04 9.169303680399736728e-03 3.085286599287385273e-02
3.190000000000000000e+03 8.692704229361421665e-04 1.001138261742894227e-02 3.668354859631525050e-02
3.195000000000000000e+03 1.155804464654933529e-03 1.078169937996817894e-02 4.241705822907775036e-02
3.200000000000000000e+03 1.465260017824743331e-03 1.148449703523167151e-02 4.798661483345146445e-02
3.205000000000000000e+03 1.787646595393663782e-03 1.212488561220750015e-02 5.335543055685450925e-02
3.210000000000000000e+03 2.116103995782371312e-03 1.270821485036564315e-02 5.850537981331716680e-02
3.215000000000000000e+03 2.445887662131408617e-03 1.323972719831316772e-02 6.342999491014029989e-02
3.220000000000000000e+03 2.773708161462801625e-03 1.372437572186350346e-02 6.813006034797480792e-02
3.225000000000000000e+03 3.097291771069409123e-03 1.416673873315209449e-02 7.261080403780301173e-02
3.230000000000000000e+03 3.415082510706755371e-03 1.457099050567327303e-02 7.688008911991058014e-02
3.235000000000000000e+03 3.726036648861083631e-03 1.494090374295203166e-02 8.094724322700697083e-02
3.240000000000000000e+03 4.029478858663137521e-03 1.527986921728313567e-02 8.482229953000751388e-02
3.245000000000000000e+03 4.325000202076183763e-03 1.559092387400767832e-02 8.851550683521428042e-02
3.250000000000000000e+03 4.612384946422511296e-03 1.587678226374643689e-02 9.203701704001469863e-02
3.255000000000000000e+03 4.891557540493803730e-03 1.613986833619786981e-02 9.539669023838605322e-02
3.260000000000000000e+03 5.162543868534714975e-03 1.638234595043647560e-02 9.860397813837658287e-02
3.265000000000000000e+03 5.425442734118296473e-03 1.660614725702318564e-02 1.016678596174415278e-01
3.270000000000000000e+03 5.680404750250963794e-03 1.681299858681787815e-02 1.045968108585676459e-01
3.275000000000000000e+03 5.927616641687413410e-03 1.700444376300325883e-02 1.073987982159110566e-01
3.280000000000000000e+03 6.167289535369315998e-03 1.718186491241716768e-02 1.100812857750397972e-01
3.285000000000000000e+03 6.399650211398268465e-03 1.734650093701822771e-02 1.126512521479058615e-01
3.290000000000000000e+03 6.624934566029962342e-03 1.749946384559628726e-02 1.151152127931045488e-01
3.295000000000000000e+03 6.843382736738954850e-03 1.764175315804402538e-02 1.174792453491739497e-01
3.300000000000000000e+03 7.055235482099873889e-03 1.777426859107656548e-02 1.197490162913904532e-01
